1792515
4048809
4230221
312437
3034780
440022
2514534
4331309
432436
44783628
44507566
443600
3007164
437390
4275257
40164821
441541
2617205
436093
4085586
37119138
19131656
4200256
4191650
193355
321320
4338023
3038601
440303
437247
4001171
4198042
436672
36220816
4344493
4110056
261326
23988
439795
4220631
4249735
434633
43531768
193782
375801
4009926
19122186
3046279
442752
1309204
4283942
955372
433316
1503297
4221399
433407
198677
257011
4303805
80488
4111552
4141481
4201174
4345578
1789521
437222
438398
315085
194265
321887
4195085
201823
4164770
4307885
4025198
4101747
435224
4113020
42537043
433701
43020938
3040373
753626
437833
40222942
37116369
435788
1326115
79804
443344
313800
132736
4305376
313792
4266029
436940
4182711
45757468
254062
438648
194403
4009303
434610
1537684
439002
19061088
4340380
138455
436483
439216
433131
3005335
4108814
373182
441827
432838
196061
440032
3023640
43022062
259848
3016115
442294
785649
3022813
374341
440066
316127
318247
19074464
42901690
1310149
4103295
36717640
4020464
435510
260123
434272
437189
1395773
193519
996625
4001144
19016749
3022914
3004789
45757433
4322945
3036887
4055640
316126
3017085
4253306
4266809
436110
4144111
317248
4312059
201612
199764
434256
1397599
433195
435315
312343
440392
435517
4006963
443739
4002836
257004
4078700
3048603
377788
4095693
433446
37312519
4150172
434474
375800
1310317
434486
4111714
437894
4059290
1114375
46273592
4247822
132344
201214
4291019
1314924
318450
3006889
4299815
1336825
435232
1300153
4028253
4266499
442781
4168681
257778
440735
432585
433758
19133204
432551
559532
81286
440985
377283
378419
433783
441545
40482267
438555
434004
4253962
134765
435514
194702
40482301
4026136
4216083
45763750
44784217
381859
45757690
138718
434300
40765040
4013643
201340
40490403
4334791
4082311
4243445
45772094
196715
37018878
4215117
3028339
37205080
200527
4154930
3008575
36212367
444199
317109
19057842
432961
4281109
194696
45770919
3009010
4338893
72404
376419
381270
4102979
438343
36712695
4152351
4043378
44806773
24134
1318011
197490
138965
432373
40482727
4098292
19069042
4055604
4061074
19106973
198124
252946
1315411
434626
440083
1315942
4001664
440360
4143214
994058
78257
3007854
4228686
1437379
4150985
314658
19112840
4073921
314659
435521
3016724
201824
42873596
3024821
434000
2786189
40487146
1363387
4049797
4317816
1387104
19133517
436664
435839
261687
4344161
432791
30968
4153362
4186577
19019122
4307981
436076
133834
4120401
40443308
197034
4180026
1143374
30437
133685
198571
1329241
198483
4159742
443736
4340497
4048279
441553
2003149
73754
1306839
75652
19000500
713196
197253
200447
200215
36716726
3023465
4127089
4345685
1307310
318186
440382
4059452
44785094
4184338
437442
4223448
27918
437202
4243427
435253
4035436
4069943
4143700
376690
79908
376989
439003
4027782
200843
372924
437113
374025
313504
4279553
3006501
1354118
19038440
377263
440638
19080458
440530
434281
440320
373474
444457
4133224
3037684
4221265
194992
3014791
40481749
192819
4304484
4124683
4134552
40482198
201690
19078219
35624320
4176135
3027476
19003953
19087090
438411
381009
40479565
4296728
794852
37312529
1103314
1760616
1836191
194410
1344905
40173507
195464
4204062
436678
441829
4098611
40479575
1126658
37399017
45768450
4173963
432869
443211
440105
4008710
2617355
140947
45768908
4201565
253954
381035
4161421
40185056
4244662
381867
4236312
43531604
4246284
376337
4108215
3007430
4142899
4119460
443361
37396146
4111921
751890
36715573
441793
3004254
3000593
4338512
4311280
4273095
4226991
4137430
19132536
378774
4195585
1305450
1358436
4024127
4233724
4026125
201780
432296
4311402
19011093
36216483
3003985
141651
4170972
4101286
4236484
4002359
45774751
2006501
4239550
3050758
79833
194807
4048485
4154415
381020
2754603
40481901
77340
261255
436430
261883
134057
1790868
4312756
440982
372605
72618
259988
4149583
4099740
4248100
37312673
435511
4046338
3025234
440374
321661
45757462
4038839
434462
23986
19078097
256146
3003562
1124957
432868
4145825
198803
193306
194417
4273391
4152487
4137468
4120094
4100475
132702
35610112
4190773
1709170
79890
443081
1314865
376971
441788
1336539
197236
40236088
440704
380118
197381
380701
380428
45757744
375415
4102492
4058977
4021397
192785
200762
376793
442306
253482
193688
196796
37396726
1367268
19018013
199837
376973
440072
4317977
4242962
22281
4087749
4126119
318443
433455
19078187
378135
1309944
40173401
72421
4290976
201675
375527
4275423
19077884
42899453
19054825
436040
4322528
43530714
3027653
196528
44507848
4215809
433134
379802
4297887
201891
4260364
4045976
257293
1343346
197377
19024728
40241958
444084
42873638
435516
4134595
435228
4030186
434008
440508
1389036
315276
433740
1304919
36715479
3016851
1367500
78236
19084670
46234437
4086243
1351557
45892847
4110130
46270347
4053591
19054996
441130
19015726
4249574
45757504
4285717
252655
439007
135214
4306640
380839
74737
432588
195847
4241223
139803
437904
4083100
1784749
4063581
441026
1355509
195599
313459
194690
433813
4058694
4168217
4237824
437543
4056770
4308716
4045227
1727443
4313328
19095285
435853
4234997
4045749
136934
4136722
19137042
43013071
377888
4309304
4038038
1774470
436098
1724869
40242221
434616
4280657
4098622
4289526
140641
78308
4106203
4247597
319041
4125650
4111414
381575
730729
4129155
379805
438252
30678
4029573
4296631
4124693
79936
37204824
4001172
4207660
196620
79240
1307863
437082
438383
3009596
444044
1742432
438107
440710
45892579
439081
254669
380533
4003021
1344354
2004090
970011
378142
36716700
433208
197603
4210998
3024865
40481354
1395557
4247842
4039744
198400
441851
4126294
1394023
35604506
4038845
258540
4064048
4279681
438059
4101899
45769461
432619
4182585
438959
443262
4122221
4190891
4303970
19067803
1309161
40236648
19088587
4220292
440390
4220074
197331
321596
35625873
4324395
4003487
37117999
4094683
4135937
319921
4110189
443391
4306044
138346
441394
4098597
4170723
140648
201901
4044745
4280580
3020211
192815
4087597
4122116
35606631
45757538
3019839
19063575
76790
2726168
4098604
739323
4179913
78232
432872
4119189
19135832
4196401
4175167
4049477
4177007
36674773
44786774
28403
440691
4098475
35623051
438730
4208719
374954
4344166
44818489
4317288
373432
4138403
778268
443538
4100152
46270365
1341927
4178431
19114219
433730
4111917
443703
4151635
3022338
42799331
441280
1353766
3017330
4096185
4142087
4216432
3002278
4208264
701322
437867
441848
4098740
44782781
1301267
4028479
4055369
4264693
35605744
4272345
45763774
439834
4150302
42709322
377298
1309188
317305
4170770
4305482
4341231
3010625
4217211
435028
441536
1350066
4066010
1712889
43560392
376970
375404
437779
4057038
134324
192279
198985
44818461
4312290
435463
836208
911354
196455
4239656
3023709
36715779
4151134
438476
376107
3016201
141213
4238808
74399
199075
4101305
439142
439190
931152
4053403
1395774
45765628
31610
436015
4343935
432738
379027
440642
1310353
4091913
19017581
4092685
4248429
252949
4344500
1557272
19012346
1326901
440940
192357
4003188
40225159
433716
140803
378165
40481919
1711947
374055
4169568
4084966
19012543
1333379
192979
4002494
4226022
373463
443239
4112334
717136
36224973
196431
382014
443795
4029188
4111565
46273631
1315027
40420291
376225
436642
440140
19050488
4050977
136368
141933
260131
42903460
4140154
4102935
45763822
201916
435367
320425
372610
1510813
4033341
4147494
40182097
4316372
45774861
45757752
45765493
134718
4177197
77030
43013924
436485
4053831
4102479
4113451
4252872
440119
77923
4133599
19103431
19132282
46221433
4048710
4157454
193863
4140301
4241648
201397
4132549
192963
433450
441246
4185356
40167569
4302754
436062
4060295
4087151
4042934
4159144
200146
4268609
43012292
2008026
377874
441269
4135083
381290
4308404
24909
443252
258375
432851
40167554
43532305
4119302
4193638
1390051
710062
321119
1775741
4130197
40230712
374948
141253
1307046
1322199
40238770
4169954
19067303
30515
437784
4028252
35624485
4023985
1781406
4299544
991382
4153380
136773
45771019
45892833
254068
440385
4092994
19036797
4242816
3015884
40170911
436366
77517
2000015
4288480
4340397
40478938
1563674
437504
1729323
40230597
4195720
4103387
1333357
434920
437214
4004279
4321555
135473
438407
4121274
19066163
193530
4170554
314962
433135
441555
4032878
4180167
4225434
4294246
316822
4301666
436956
432637
192671
703547
75614
4195865
991876
1386957
31057
40162464
193174
372903
1356461
4111710
715997
2786686
192275
4044227
4263360
195498
4031840
378756
4184976
192681
436088
436975
438105
4067173
750982
437241
19080156
3003771
4051956
432870
201619
4342896
314667
19047423
141084
4258683
1724700
193874
198075
436684
4001632
4175583
4286201
28060
1704139
4173974
434111
440751
4254512
28396
438670
440953
4172835
702774
440990
1311799
19103548
35201105
2788638
78193
4096938
433869
4327889
978239
193520
4177362
4232162
436039
1715117
19011331
381017
40240666
81426
4001315
4017107
4200286
1378509
440207
36714116
45757136
40168599
80497
192273
42801287
4311159
376229
4288310
1112921
4194890
40239330
201792
4164151
4177206
42537304
19004991
378420
3015322
377272
441321
4206338
40304526
40244268
433987
436054
443381
4132494
201900
432289
4095892
1114122
19044337
36716852
3001599
140020
4073858
140176
4201172
42874224
200052
4269569
4276173
440979
317895
4033802
3034959
141932
4280354
19059654
317814
4162450
40482807
4046213
4195522
258684
197656
433741
4160059
4242974
40493415
19005046
733301
197782
140681
4172646
2007728
37118664
43020664
40239056
19081224
42900586
381252
4039932
4121629
441906
45770927
135526
195500
435537
442296
4094042
4245406
1189459
1510687
1511646
4086986
376387
43014237
192240
4044708
1338005
2003045
132983
134870
195664
4280571
43021205
744740
1350040
438477
440068
28462
378144
4057513
19015523
4098145
133283
37110728
40479284
19008264
381573
46270436
1517740
201338
141249
439303
19098973
372914
438244
440409
80482
376984
4308093
4313846
19121216
19137385
40165636
375823
4185410
138713
440076
4148231
261325
4053320
135287
40226742
378533
4303233
45769152
19058410
4335884
40242675
436996
1373928
137351
197084
4023960
4034007
40236899
436037
4071059
434085
441963
4119850
4338035
1111242
4246127
4312704
40480875
4136809
4216894
4232106
320835
4035439
4094548
4102401
908726
40167224
4152852
4279543
1129105
315116
4103534
43533115
4163708
439385
443878
1593861
435786
4066941
72377
197327
4116241
793846
1236744
19012598
80819
375822
381572
434881
23806
438760
4002140
4039691
4097998
4229262
40486171
19003412
201905
434316
3020222
434559
443556
4005907
43532497
201345
4231770
19128174
74080
374907
1192710
4186463
76508
193814
4117883
46269921
19036781
381003
4311124
4333000
36713172
40168385
436658
4034100
36716270
137991
192363
196157
315069
4086572
4178668
4219643
4243575
43020489
2763542
261599
4281030
4001450
382034
4168686
40479573
432893
435138
4224926
35604848
321389
432282
4031189
4162115
4215982
836878
24974
193807
320347
443214
43530674
196156
4062098
376712
4034227
4115367
22288
196733
433440
381033
4009506
1335301
2617204
4161947
4242669
4109045
36717267
380265
436740
437090
438122
4329160
3005050
40182265
261600
4340390
192359
376063
4060950
4082453
4237062
4275889
4335174
40480516
1714527
31821
139737
140027
439278
4162218
4207307
40481585
1511449
75048
81106
439082
4003834
40230761
45775116
75920
77961
434942
437496
440087
4001328
4113009
4264925
1318137
138384
441077
4116008
4301668
792993
40167582
197921
798834
945286
24884
435642
438123
4134177
4185529
4340948
40481303
1153428
140057
372324
436147
4076794
44782549
4312493
1583722
40242044
192901
380395
436936
4079687
4059379
438367
4155764
1102527
4000609
4058513
4213266
198695
4208200
372892
437461
439763
4028933
4313149
434951
4040379
4314093
200440
4053272
2000016
259874
437836
438815
40483761
759740
40168220
140823
375268
432660
45757107
2006901
194419
432590
439130
441108
1366310
19049410
375239
381860
4252861
192735
316457
441547
4341658
40222431
74731
374043
435522
4280498
40482937
745790
994341
197311
201478
432307
40403168
19055153
19101614
2785864
77963
194385
434323
4004094
4038846
4267558
4213465
1335471
76533
433516
437221
4061539
197329
259123
434895
443741
4263510
44782778
1321636
200451
434319
435701
4032003
46270529
4031766
4148121
4160055
4253808
4308835
43526401
381014
440321
4087800
4102183
4158911
4208199
4228361
28115
73012
200773
4102342
4226266
35615055
924566
42708092
4053178
4069184
4100815
4174577
4262580
912803
19133331
433225
440195
4112852
4113455
4297446
1335539
40224655
3003785
141323
4100661
4253901
4340960
2000014
198108
4285898
4311484
43013182
377564
439893
440696
441272
4212727
4240847
376115
4112020
4119774
1594003
2000377
438782
4028939
4057743
4097996
4308074
45766654
19022479
80576
435492
435570
4054513
4112931
4141640
4261842
45776670
194993
376405
4160328
4227902
4339214
137800
200881
443767
1351461
137792
201894
381024
4201438
4213271
4338534
44806793
45757772
1755112
137813
316437
439407
4302739
1370109
4141028
42800765
80767
435803
441225
4340367
37116538
40483771
45763828
19124327
2727536
43018387
136774
197328
437863
4228164
4286497
136937
138181
4051334
4146087
201257
380747
937439
1516980
134304
201078
319038
434344
438778
4144389
4229440
4260546
76725
378163
381574
4152384
4240725
43531721
720810
1516800
195321
372900
381036
436164
436446
439857
4145158
4273526
4319602
1503501
43016301
76745
77653
140099
197917
260336
373764
441015
441103
441655
4077584
4120302
4132810
4234083
933724
19076414
19133365
138612
198475
376395
433996
4103650
4150456
4212994
4246066
35610318
45772085
36215679
139850
320888
433975
436133
437027
4032450
4242814
4338227
45763825
1189767
1353011
19121298
2762953
75010
374360
433585
443414
4037874
4108901
4129392
4170452
4277253
45766087
700465
1129625
1130615
1311409
19129296
40165574
3018759
75311
81395
81763
132835
134732
4108817
4198185
4224968
4266864
43530686
1305637
19073523
19127429
74728
380513
4338523
40493243
1524769
19054821
19131007
2740255
2786470
194406
315293
436702
442108
4079683
4266662
4305500
45757269
3005229
133438
195306
373425
381865
433000
4056718
4100626
4316222
40406662
714684
930748
45892326
138841
4079686
4100089
40481178
1353256
134743
201244
378439
435478
4028980
4053830
4101104
4120330
4148557
4152163
4152592
4176892
4271003
43020910
40243589
81029
261393
376125
380725
433978
443464
4214438
40481920
43530641
19031583
19037038
40237822
138825
194586
379008
4197184
4312477
1308368
2002827
2617229
80504
140064
192953
315505
4034970
4170620
4344489
19137329
40174208
136960
372635
377862
435648
4069182
4292056
136639
376112
381306
434894
436003
441535
4134454
4189235
36712678
1153013
19027500
43525787
26060
139841
198192
375827
377868
433173
435790
4001578
4194207
4262968
4319280
37016191
37395590
44783028
924724
1517998
140976
377573
432910
440418
4025660
4107672
4137754