1792515
3034780
440022
44507566
2617205
198677
2514534
433131
432436
4275257
443600
4048809
40164821
4220631
261326
193355
4230221
436093
437390
44783628
321320
4009926
43531768
3007164
4001171
4110056
4345578
45772094
4085586
312437
4331309
433407
437247
4249735
375801
439795
4141481
194265
36220816
3040373
439002
1503297
4055640
4283942
4009303
257011
4078700
1309204
138455
381270
196061
4340380
373182
37116369
437222
432838
313800
441541
36717640
4201174
4111714
321887
436672
436940
23988
4082311
193782
440032
4164770
4303805
80488
4200256
4182711
1789521
4338023
440303
132702
433701
3046279
378419
1326115
19122186
42537043
199764
432551
19061088
4025198
753626
3004789
3038601
4103295
4221399
443344
4144111
194403
440066
434300
4098292
259848
436110
4243445
436483
4266029
312343
4191650
4266809
318247
45757433
1114375
4180026
785649
955372
40222942
318450
3036887
438648
4013643
4159742
138965
314659
260123
439216
4028253
132736
4173963
4111552
194992
434272
4312059
44806773
435510
3005335
81286
443739
198124
43022062
1314924
317248
45757690
3028339
4101747
201612
4150172
4253306
442781
141651
433783
46273592
201823
442294
45770919
435315
4216083
138718
19016749
438343
4241223
4006963
42901690
197490
201824
4296728
435788
440083
443736
4059290
4120094
1310317
199837
4344493
437833
44784217
1315411
45763750
434462
19074464
196715
435232
4186577
440735
4340497
3022914
133834
35624320
441827
4152487
375800
4198042
559532
433195
1397599
4243427
4338893
4281109
43020938
1537684
444199
4095693
434610
257004
37205080
440392
432791
19057842
36716726
132344
3016724
4113020
193519
4119460
40479565
4322945
19080458
4069943
4059452
197034
197253
3017085
436678
193688
4001664
435253
4038839
37396146
437202
4299815
433316
40443308
4154415
315085
4108215
253954
40490403
198571
4108814
4020464
4053591
4304484
437189
4291019
435517
3022813
377263
434000
434281
1336825
438398
4043378
257778
437894
40482301
1310149
378774
435514
193306
313792
4137430
37399017
440360
436664
4001144
1318011
441553
4101305
4215117
3016115
40173507
437082
133685
440530
443361
134765
200447
201214
4154930
1387104
432585
4111921
19069042
194696
434256
4127089
434633
3014791
254062
196796
40481901
316126
381859
4311280
1363387
372924
1344905
3006889
46270347
19087090
44507848
438411
444457
4184338
4307981
36212367
433446
437543
440985
4233724
373474
4049797
4176135
4253962
201340
434474
4048279
1307310
19106973
376419
4055604
435224
435839
440105
37018878
37119138
2003149
200762
1300153
4190773
1315942
4161421
23986
440374
139803
1395773
198803
381035
4142899
37312673
19038440
79833
440638
4064048
72404
4029573
4247822
40482727
45763774
4001172
4086243
4280657
4002359
4106203
40482267
4046338
4296631
192785
201675
374341
40481749
194410
75652
140947
4207660
4260364
379802
432961
435521
4244662
318186
441269
4285717
194702
380839
4345685
261255
30437
994058
440072
4307885
19078219
433134
440320
4101899
19133204
4150985
201690
252946
4035436
4280354
4317816
19019122
432869
435228
4111917
1329241
196528
379805
441963
444084
4026136
4110189
4045976
4050977
4195085
78257
135214
201901
317109
4149583
45757462
45757468
1304919
3048603
256146
372605
441788
35610112
45768450
19132536
22281
441545
261687
433758
442752
4061074
4168217
40482198
19131656
24134
192671
261883
434881
441394
4092685
4309304
45757744
19000500
19054825
40185056
1126658
44785094
432868
4150302
4228686
4305376
1354118
19112840
432296
4343935
79804
438555
4002836
4143700
1306839
40236648
40487146
434626
79890
4134595
4297887
40478938
3008575
434004
4063581
4324395
136934
196620
4001632
4003021
751890
19003953
19133517
3025234
3027476
200215
380701
436015
4124683
4170723
4344161
37312529
3037684
198400
436040
436076
4098611
4102979
4145825
4173974
37396726
794852
79908
200843
321661
433741
4334791
194807
377788
4026125
30968
381009
4045749
4175167
4208719
4221265
4239656
35623051
1103314
1307863
2617355
36216483
201780
376690
377283
438107
4124693
4136722
4143214
4170770
313459
45774751
44786774
75614
200527
376337
376971
435853
4030186
4344500
40241958
4042934
4101286
73754
433740
440508
43531604
836208
2786189
4066010
45765493
136773
314658
437867
4087749
4098475
4273095
19137042
3007854
4213465
433455
4266499
1727443
141933
319041
376973
438730
440704
4027782
36712695
440207
4138403
30678
4120401
4195585
1305450
1358436
1395557
436088
4279553
19084670
3050758
197236
313504
4119302
4220074
4248100
439007
4172835
78236
199075
440940
443211
443878
4001315
4168681
4236484
4308093
1143374
1336539
196431
4073921
4099740
4112334
4126119
4234997
4303970
1309944
258540
377298
440390
441851
4100152
4223448
4341231
45769461
1395774
1790868
35604506
72421
252655
253482
437904
4024127
4122116
4152351
4226991
4242816
321596
4094683
4153362
2004090
432893
434616
443081
4133599
4268609
36715479
36715779
1389036
3003985
140020
195599
317305
19114219
376989
380118
4083100
4280580
40479575
45771019
1351557
42873638
28403
4327889
1301267
42873596
192819
378135
382014
432872
4021397
4170554
4196401
4246284
4252872
996625
1557272
19011093
44818489
436956
134057
140648
195847
201891
439003
441793
4204062
4210998
4301666
36674773
321119
4126294
4239550
192901
197381
441246
443381
45757752
45769152
701322
1350066
1353766
43013071
3020211
320425
441536
4313328
40242221
27918
315276
318443
4121629
4184976
4237824
4238808
4275423
4311402
1343346
40236088
3006501
3023640
3024821
440642
4002494
4273391
4316372
1236744
19036797
77030
134718
140176
194690
197331
380428
4008710
4098597
4134552
4312756
1124957
1314865
1742432
1784749
45892579
3003562
192279
198985
375822
436642
437113
19063575
197603
259988
378165
432373
438059
4087597
4091913
4151134
4264693
931152
19024728
3000593
28396
201478
375415
435028
440691
4322528
45765628
1437379
40765040
2726168
74737
437442
4053403
4055369
4248429
4249574
36715573
713196
4142087
440979
4102492
1309188
376107
432851
434920
441829
4116241
4122221
4135083
4170972
4344166
37110728
37117999
37312519
40493415
19054996
40239056
3016201
3027653
72618
78232
4003487
4084966
4276173
31610
195464
196455
198483
432619
437214
438959
440382
441026
443703
4003188
4023985
4053831
4060295
4098622
4177197
4289526
4317288
36716852
40481919
911354
1774470
35605744
3016851
2006501
2754603
4232162
1394023
45892847
3024865
2000015
381575
434008
4044227
4103387
4175583
4306640
46270365
1310353
19132282
77340
141084
194417
252949
436975
441848
4058694
4125650
4226266
4242962
4288480
44806793
76790
140641
433730
435516
4001450
4110130
4140154
4182585
35625873
1729323
40238770
4133224
4342896
1355509
3022338
28060
138825
141253
201916
433135
433208
435463
435537
437461
438670
439834
440751
443795
4096938
4161947
4190891
4201172
4247597
4247842
37397431
45757504
45763822
1309161
42799331
4195720
320835
321389
374055
376793
437504
4057038
4087151
4094548
4137468
4177206
4311124
37118664
43021205
46273631
19095285
42899453
46221433
141370
192815
193863
257293
260131
315116
379027
436430
437779
440982
4038038
4044708
4062098
4071059
4140301
4215809
4261842
730729
793846
1341927
1709170
19058410
35606631
3019839
141213
381290
4039744
4241648
19018013
40244268
46234437
3004254
79936
140027
195664
201900
372903
374948
435570
437784
438252
441108
4009506
4017107
4028252
4076794
4216432
4264925
1333357
1367268
1367500
19015726
19121216
35201105
40168385
42900586
258375
434486
441130
4029188
4048485
4058977
36713172
36716700
1510813
200052
436098
439190
4098740
4113009
4113451
4136809
4160059
40420291
45768908
739323
1510687
19088587
40225159
40236899
44818461
24909
198695
433450
440953
4033341
4169568
4208264
991382
1712889
19066163
2786686
31057
79240
81426
133283
138346
192963
315069
377271
381867
434319
434559
435511
438383
4034007
4049477
4053320
4135937
4148231
4151635
4312290
4312704
4338227
40481354
43530674
43530714
45757538
19012346
19050488
40182097
45892833
30515
195500
258684
314667
381020
432590
432738
436684
443239
4158911
4179913
4213266
4340397
717136
1724869
19081224
19137385
43016301
23806
192275
193174
381252
381572
433716
434942
439081
4001328
4039932
4044745
4067173
4116008
4245406
4246127
4254512
4308716
4329160
4340390
40479573
991876
1326901
1836191
40165636
40173401
40224655
4272345
135473
141249
196157
254669
4057513
4098604
4153380
4177007
40482807
19044337
40230597
42709322
3009010
80819
197656
201619
314962
374954
376115
432289
434316
435786
436658
439407
443252
443538
4000609
4051956
4060950
4147494
4207307
4263360
4279543
4305482
37204824
778268
19003412
19067303
40170911
45774861
3017330
141932
201905
316127
381017
433813
441280
443556
4061539
4092994
4096185
4119850
4178431
4302739
35624485
744740
798834
1307046
133438
141323
193814
374025
374043
376970
435138
436054
436485
437241
438123
4098145
4162115
4162450
4169954
4220292
750982
1373928
1386957
1511646
19005046
35604848
40168599
43560392
2008026
2727536
4306044
77923
192357
201397
380395
432588
438367
4032003
4102342
4172646
4195522
4269569
4288310
1322199
1333379
40230712
137351
198075
200146
200881
316457
374907
376229
376387
380265
381574
433585
433975
434895
436133
438407
438782
441103
441321
442306
4056770
4077584
4082453
4096625
4097998
4111414
4111565
4121274
4152163
4179911
4193638
4204991
4224926
4229262
4240847
4275889
4284492
4286201
4308074
4338512
908726
912803
1112921
1350040
1715117
42874224
42903460
43014237
2786470
76533
76745
77961
135526
136937
138713
140681
197782
200444
261599
382034
434344
434894
4031840
4040379
4053178
4102935
4129155
4215982
4226022
4260546
4299544
45757678
1701677
19012543
19054821
43526401
3010625
74728
74731
137991
138388
193520
196364
197311
201257
260336
317895
377564
433987
435701
436740
437496
4028479
4111710
4132549
4177362
4185356
4213271
4219643
4225434
4258683
4263510
36714116
40481585
42537304
44782781
733301
1315027
1321636
1775741
19012598
19022479
19055153
19080156
19103548
19128174
19135832
36215679
36224973
40162464
40168220
4073858
72377
74399
80497
134870
138181
192273
192735
193807
196156
440076
440409
441015
4004279
4038845
4048710
4051334
4148557
4285898
4313846
4314093
4341658
715997
792993
1189459
1724700
19036781
40167569
40240666
3015322
2785864
24884
78193
80504
135287
198192
201511
316437
373432
375827
378142
436062
438760
444044
4023960
4033802
4069184
4079683
4132494
4148121
4157454
4159144
4201565
4212994
4263710
4301668
4344489
35615055
36717471
40481852
44782549
45757269
45770927
2617204
24974
80482
192240
195498
375823
378420
378756
380533
381036
433000
433869
437221
438778
439082
440385
443414
4032450
4034227
4037874
4112852
4119189
4120302
4162218
4279681
4280498
4303233
4311484
4338534
4340948
36716270
46269921
46270529
710062
1356461
1517740
19047423
19059654
40239330
3034959
73012
74080
136368
194406
197327
198475
201244
320347
381014
436164
436996
437836
438244
439857
441077
441225
4039691
4086572
4102183
4130197
4146087
4180167
4185410
4234083
4242974
4246066
4288241
4294246
4297446
45772085
46270436
745790
792844
1111242
1338005
1781406
3015884
2000014
2000016
4163708
140057
193874
195321
316822
372324
373463
375404
375527
376395
432620
432910
436039
438815
441535
442296
443771
4003834
4031766
4053272
4103534
4112020
4115367
4160055
4194890
4195865
4200286
4208199
4208200
4227902
4229440
4243575
4265860
4269878
4280571
4340960
40480875
40482937
45757772
702774
703547
759740
978239
1583722
1704139
19031583
19077884
40230761
