19131544
40233612
44783628
19131481
40173507
4058695
42800463
4331309
4098617
37119138
3018994
3022250
432589
4098740
40171333
4029420
441827
439696
435565
432250
44782429
4308394
4309318
45757557
4108680
45757690
434911
4057826
35622934
441215
377830
4088373
444269
4108215
45770830
4100857
141084
4172822
4055640
3009582
3010300
3007332
3025673
4110056
437247
45769207
436110
46270406
46271915
46270410
436040
192240
36714559
440320
196149
44784251
4294300
193787
4149913
36716654
4154415
439298
37399017
46273369
198446
314965
432656
4258295
40481089
193512
318773
1792515
443465
381952
253790
440583
40478938
40479572
138027
45768812
4221495
4225656
376979
258866
4195694
46269816
443509
441172
4047563
437214
44782781
316280
201730
380096
4174977
443599
372654
443609
37016349
434256
436659
192279
196523
4344493
44784364
380097
4248955
3034780
440396
4143214
440323
40481816
4110189
23988
43020910
19131621
46270027
46274035
4101747
192674
42872398
4131908
42535403
443247
4344161
44507566
4328217
37312519
40228843
440022
438172
377566
4025165
46273178
433135
436607
436039
439672
4099214
4341763
43531622
2617332
19008521
46269831
4226798
44784631
43530744
4190891
321822
4248429
46269875
44782821
441051
80488
4221399
46270491
4307774
46273463
4063038
4060296
439216
46270367
43530666
4269764
432545
433823
436621
440328
4280828
141498
435459
440647
36714927
4220631
432452
439673
439675
43531616
133810
373766
433029
2617205
376065
377821
4138962
436333
4214984
46270162
46270163
37312524
313223
4152858
4331508
192855
46273592
81931
43531768
4081250
2514534
43530656
45769876
78073
440952
443535
443596
4231983
4309924
4321384
40481774
40482261
43021985
134569
434872
436020
436038
437920
440276
440938
4020111
4143698
4145763
4176170
4190298
4200532
42538804
43021258
43530819
43530910
4093002
915611
2617376
764123
40486629
4058841
40482301
252351
254677
258180
259852
259992
436145
440431
443410
36714118
254066
255848
256723
257315
258785
260430
260754
261324
4310964
36676238
40482061
435604
440029
200687
443731
4222896
4289830
441026
37016108
46269751
46269753
37016107
46269756
46273461
4144111
4177197
4006994
4163865
4227210
45763584
43530685
1387632
375475
4147491
441768
4180771
437663
440637
43530637
43530646
4169592
4195231
4294973
4296611
36716700
4037495
194856
198683
196625
200031
4343935
19023422
40487616
4110948
376973
19133204
441258
436398
194679
36716848
443541
312337
42873170
45890622
4196147
3017569
3020716
2617467
40491960
438648
443730
4191650
4325344
321314
436678
4312059
4140466
45768450
196895
442793
2617207
2617208
2617223
37395590
438567
4327889
260125
254058
4204555
37312529
4063581
4340948
438021
4056579
36714116
381783
193355
4110192
45767658
193693
196029
4101286
45767042
40480160
45757320
45767037
37205080
43530687
443455
4099651
433486
433773
199856
4101104
4177387
4340964
376026
380632
42899470
4201174
45757468
437504
4148486
4317960
312940
4256228
40493415
374021
443802
4228112
4141481
46273631
261883
4309332
321042
37398951
312653
4143969
314383
4317816
4009303
316139
439846
4230221
4340380
4198296
257011
438391
437390
439254
40165345
199867
440460
4218017
4220313
192680
320128
321074
4118910
4167493
4311246
46269881
46269886
46269876
46269890
440977
4143351
4224254
4228443
201530
197490
4147683
4055369
436664
261495
374270
432236
434557
4003404
4153291
81496
134851
374267
441775
433749
435076
432554
4132082
4133017
3000593
4340375
42536547
3040373
314667
198307
45757767
4134162
37116369
254761
313236
4078700
378726
432436
529686
596894
46270037
4170620
4314247
40232612
40234552
45769832
440066
45773064
19055137
3041232
40769146
43533841
3007164
439246
439256
444196
444198
380378
4055361
40483317
437045
437189
198678
37016358
762337
762338
40479583
253796
4171691
4083100
4182711
4196141
528325
4340379
501343
195587
4232691
4232697
313217
4141360
4154290
45768480
136497
253797
441267
4197819
4253210
4267417
3048264
137322
193174
254320
40481857
436096
4331953
435983
4345578
4085586
435829
4175807
315282
4040820
4222174
4055901
261326
437727
198124
762443
4149782
4207615
44782760
46273489
444264
44782754
44782759
44782762
196726
201352
437528
439253
443767
4132083
4133018
45769863
2000802
2003407
2003464
2003465
46270989
2000803
2003405
2003406
2003450
2003463
4029416
4305185
46273707
380731
372328
4077428
4143024
4170137
4024127
132797
40486059
40487064
40489909
40489912
40493039
133594
4285746
40486631
40487059
40489908
40491961
40493038
4245409
4137770
437986
36717004
4252885
42872891
254068
314666
4108677
4154704
4296653
45766241
312327
4270024
4329847
43020460
45766114
4241530
439727
4187218
46274046
257582
312437
4338023
19080458
4195785
443211
22340
4109883
4112183
45757298
45766966
45766970
45766973
45766974
195596
199074
40238886
42707880
259848
4140438
36716978
46271074
46273719
4261072
30437
435220
318712
443729
4145240
433407
2617345
4176683
4048279
4253306
36220816
40227428
42800473
438681
196758
432860
4111023
72576
193431
193722
4112851
4113129
4114221
4115942
4269053
40491439
372547
434866
138455
4098611
37017432
37017431
40167964
40171690
19058738
19125848
257907
966282
3019652
438701
45770837
433753
435243
4104431
948888
2618100
375519
435140
4004785
4005284
4166129
45757093
37208405
19011661
135766
317510
4170972
37018348
37018353
4025198
4095279
4244418
4199769
4263258
373995
4184438
4013643
4121123
439004
4008566
435783
441828
4101283
4263312
40481354
372599
4102492
436093
201905
955372
4117866
4310400
440448
433027
40481896
43020424
45768449
44784621
40483761
434616
373404
4029319
197320
140506
134144
433991
4025677
432961
436339
3046279
4067766
432975
444234
4055511
435696
46269931
443597
443601
443611
443612
46271022
443614
35610112
197494
439674
46274082
43531611
435371
19026804
19133859
19133873
19133905
19026560
4283942
197795
40488812
4115271
36212863
19027885
40479575
314659
4340799
4000167
4341633
4214376
4052226
4108943
438480
4042728
3000483
3015544
4311629
19077653
3004501
3022548
3034962
3037110
42799215
4082311
374888
4182210
256622
4121462
4322024
4281109
19073815
436483
1309204
443462
37016768
37016767
440032
198677
4249735
436070
4031113
4031756
4033300
4098922
4031109
4031111
4098302
4239471
4263748
4141454
4323418
4291019
948694
19076131
255891
257628
4344158
31317
135496
138708
377091
2795844
2795846
2795843
19121494
3009609
3014094
3021447
3021513
3031147
3003932
3007696
3015632
3027946
373182
201254
443412
4008576
4029423
201820
4024659
4058243
4226238
43531007
45757124
435315
43531560
43531561
40232618
436885
438039
4174096
434252
439396
4228469
4027729
4057246
36220749
313800
197924
2617355
3007070
3009596
3023884
3027114
3028288
4047784
3009966
3015232
378419
4101881
45773181
193262
197605
4027384
4101918
4176946
4181187
79072
195867
4189294
4329445
37018293
436672
4133224
378839
434614
3021044
4146209
19020594
3000185
3002400
140168
4100184
4307925
138525
259153
762294
762296
762297
765131
4009890
4024561
73819
76388
312998
379031
762289
197654
439795
255919
2008071
318247
434300
260123
4126119
441541
4145335
4269209
4345577
4043731
40242221
4012113
4211974
45757142
43020938
4222415
4225055
321887
4044215
4341520
4195014
4311555
45763749
138501
139900
4014199
4065355
4341231
37396146
1301159
1301197
19065600
1301154
1301156
1301157
1301158
1301241
77340
434819
438945
916462
19077950
19096275
375801
45772094
320746
321319
43530742
196162
4190307
194990
40483613
440083
435231
440996
4052690
434327
440387
255304
4055370
4200256
4164770
437222
316501
4027369
3004955
3041276
374748
4016540
4096616
433208
375404
4121803
4110915
4173963
132702
319825
40224604
312343
37110728
433701
37116441
46269900
4071874
4082454
4111231
4115170
4116811
4134577
4147829
4150125
4204199
4237198
4237315
4270932
4308696
40481180
42539051
42539474
44784644
46273207
4077895
4115169
4115171
4117695
4150062
4169905
4329041
4330445
4067774
4232181
4223303
435515
4048926
3005491
3008037
3018405
432795
4051432
4053124
4053149
4056430
4106499
4108759
4108760
4116594
4116928
4150485
4156791
4156803
4271033
4320024
4320025
44783882
434512
4050389
4051298
4051439
4053128
4053151
4056290
4056293
4086219
4086220
4086221
4106504
4108762
4114604
4116926
4150466
4150471
4150489
4153134
4153138
4154473
4156806
4174885
4318111
4319151
36715610
4280657
4046500
81902
257004
40483560
3038601
4147466
4211231
4307981
46270426
46270464
46270465
46270468
4035437
46270413
46270466
46270467
438037
440919
1326115
134057
435927
438491
4150970
440795
442333
444114
2004747
905365
194417
37205060
37205092
192359
443391
19122186
4193176
443797
443522
4169095
19131007
4318411
4005616
45766216
4034227
319038
46269885
4055610
4056580
374367
377889
43021779
374053
433495
43021778
256439
443558
4280726
257007
40481374
4035426
4035610
4196020
37108588
40483262
42872407
4009329
4153359
4159739
4197765
4205509
4286642
4291025
40490497
4111921
193402
312723
4119460
440638
4231580
4211001
436015
46270478
46273597
4067775
46270399
46270403
19132282
194696
46269880
4129364
44784217
197329
432551
45763750
77631
79904
4035441
4197476
4197477
73840
75036
78505
80180
80183
80802
4079749
4079750
432297
320073
439149
35624757
45770919
4217075
320116
4138837
253910
2006539
136566
2006533
192671
3004789
4111714
443600
434272
4024306
37116845
45769438
45771045
4103295
1503297
37018688
37109056
193782
443551
19073408
35624320
4043371
200447
195834
315558
321882
40484551
312934
40479625
40483538
40484541
433957
4027461
140352
40481524
135762
440010
440383
4243445
444197
42873157
40164821
436658
255348
4078543
4109420
435262
435809
436972
437273
437541
437542
441284
432612
436682
432898
438733
4299505
40277917
4177944
138056
2779047
4096682
2778816
2779051
197033
199881
194420
194421
200461
433527
137829
4146088
432879
435785
438338
438418
4044931
4102297
436090
45770881
37016179
37016180
45757435
40479606
44782732
440417
193240
196152
440303
193688
134603
132572
443719
4079282
381537
4039212
434613
442077
4221077
380533
200762
437872
4059297
35622958
36717640
40241958
372892
4050964
4106172
40487453
40487456
40488813
439215
4182419
40485984
40487455
40492697
28109
75210
78110
138996
139766
193162
196064
200970
200974
438386
444410
444411
4241919
4243266
4243874
24897
75512
81247
81250
133725
133726
134308
192577
194611
195513
373732
433435
434883
4093960
4241908
4243120
4244639
4056346
442294
318443
42537043
254390
254061
46269877
46269882
46269887
46269891
40239188
45772786
4108356
4110190
3011904
3026729
381591
40480002
40481842
43530688
434056
40480938
196325
372605
440736
4108805
40222942
313459
433195
197988
4182562
4306292
200219
4245975
4331292
4233224
4264636
1728942
19130403
433740
4308861
4139063
4207958
3036887
4174044
439002
4111414
376707
381568
374036
376422
377559
378352
379019
379816
380038
4343221
4275257
4004623
80502
197044
197606
198197
201635
201909
140947
2002868
440653
4340390
528294
436681
439013
1305058
1305124
19007333
3017115
1305085
19007332
19129501
44506734
4302954
37116834
4070533
4009644
201622
138965
975861
138682
437489
440329
4205455
434559
78832
139110
141104
373503
374384
433131
194710
196751
4049458
4344387
40482444
43530876
319047
436470
437590
4020304
4020582
4308713
4326828
320136
437828
19058572
19058574
3006906
3029197
3034244
4096201
19074641
3043147
435788
4303805
40480946
40482266
197303
443525
78236
443587
40480603
4009926
440508
141651
372828
4050884
4049971
77234
4186577
194403
4061074
4324261
4266525
437827
4134862
314432
35615135
443447
26711
25297
435510
40226817
40226826
137207
432821
435224
4102493
4134120
132617
375525
444022
4150300
136950
138994
4119780
4316228
4045976
4071589
4178910
4326356
46273449
4180770
4181313
381270
4064161
433515
437779
73231
1314924
432588
46270347
37111520
4026136
2003104
4196919
443739
4296728
199837
4209423
4233811
718669
19019308
40173405
718583
718670
718757
718758
19019306
19019307
4333000
4064725
40243855
255573
46269907
4322528
4062791
436670
441593
4234480
4339092
4031164
4099746
437385
199879
201344
989898
36218442
441875
4181152
4004279
439794
1397141
1397152
375545
36717601
373769
436976
2000591
4223363
441264
3010454
3035283
4263710
4097389
4272033
37018854
1133231
1133262
40225989
42898499
42898503
43532944
40225993
19112933
1378382
257778
4050620
194992
377822
200003
4034233
4138287
4152852
4188441
4214076
2004746
321886
375281
381028
438171
4264073
45757336
4247776
441259
4101602
4119134
4027120
438778
432851
4160276
36675035
439128
254062
45757107
133834
4180167
198797
440530
764098
37016338
37016343
4064048
376114
378743
4252356
4255401
4290822
35626044
377552
4215961
4266637
35626038
35626039
35626042
45763583
43530710
23034
24609
4243427
4152487
196620
443703
437442
4163708
1315411
43022062
437584
195603
4113650
4176135
35624825
36675684
441787
201366
443929
4320635
42535425
45757241
194109
200455
200789
201642
4226021
4242238
4274491
45757247
4201120
4244662
138718
255841
4110023
4112521
256451
257905
260139
46269835
317585
433222
4121617
46270529
4035436
432870
4163710
444101
4177862
37395564
37016114
46271075
4170421
40490328
40492266
40492267
4167069
196433
316427
432933
438168
4332246
132850
140666
439416
434314
80182
4265479
44782778
435789
444238
4003186
4021911
4099508
4187355
35624756
136949
439777
444289
4003185
4099889
4190771
4209094
45757092
4181199
132853
134596
1636780
19082707
40243196
3013770
3016049
1636817
1636818
19096659
19112611
40233894
40239011
40765204
4101899
4339489
377575
45763549
437543
4243363
45757682
434063
435775
4070569
4143187
4320803
132579
133444
4199437
133737
137520
438725
4029273
993770
19066370
19093848
993631
993732
3001420
198803
19126752
374366
379832
436421
4110815
194684
195585
46269874
46269879
46269883
46269884
195575
201606
46269878
46269888
46269889
46274073
439278
4058694
137212
76472
194412
46269823
46269824
192367
4161430
40482030
261600
4188331
4056462
252365
133228
140435
45757231
46269865
40434290
45757234
45772090
46274126
19079300
3005456
3016038
3023103
19049684
3031103
4059290
437833
373756
374338
377555
19006410
3014399
438688
376419
440360
375239
46270416
46270418
46270420
46270425
376793
19074464
3011793
3026156
434462
199718
45757207
42901885
19087090
318450
4001627
4001628
4002808
4002809
4216406
73001
4001124
4001126
195559
432838
439893
40321716
45757504
40241900
40223588
40224614
46269818
4311280
132344
313792
40172153
40489826
195314
4058840
141933
435781
19010129
19019630
19044727
4038839
40482267
4101305
46270365
4114356
4111552
19051649
1338512
3016662
3017250
3051825
3005770
3016723
437834
4218100
194265
4059119
4054876
4171917
3009682
3017275
2780875
43018095
438285
1714165
1797155
1714171
4216083
440785
441408
22666
43016301
192815
436940
375800
436072
436665
4220618
4310821
44783205
437082
46269952
4045227
4299815
4102351
4150302
1151424
42873851
375428
4169915
45757414
1300153
1537684
769936
1152738
19068929
19070012
19078126
19079626
19130420
19132259
19135620
40237527
40238246
40243494
3000285
3019550
1152772
19133626
40223757
40237529
40238240
40238254
3003181
3048220
435524
4331287
374905
376210
378840
200200
201826
443733
42538169
43531010
4063043
4193704
436403
36214288
948727
317109
904896
436238
904895
19123192
381839
4262580
43022069
1310317
45771090
440072
439780
439776
3005785
3007220
75652
433919
440307
4006963
1836948
138690
441799
4057662
4267582
198809
442750
312902
438411
37117095
4337373
4047635
4263879
435242
4266809
3006889
192963
40481919
377290
372906
4248716
374013
4171569
4173408
4172646
443239
438064
3005335
4110484
192956
201614
443785
199064
434281
1387104
377874
435517
22839
133711
192261
196051
197506
198082
198092
378081
440044
4002498
4003029
4003693
4089777
4091490
4092235
4092515
4094872
4095018
4334322
4244369
25748
79740
80665
133974
140955
197803
199747
201231
432558
436043
438090
438691
444224
4002343
4003684
4033318
4091486
4092358
4095168
4095748
4144389
2001005
2001007
2001022
378142
200528
19009540
19122821
4203927
19122814
36223728
137977
435656
440847
4020464
435839
432303
436389
4101256
36213702
432302
44806251
40221999
4094683
375266
378429
4181477
381290
3016724
3028339
4105020
4301699
43530606
42900359
19008339
19008523
438114
19069042
4297887
4046338
318736
372886
378735
381549
433763
443615
443616
762725
376394
4175786
43530652
44782470
4044745
990242
36221099
40162460
43012797
989878
42799785
43526851
3004944
3013721
3015546
320425
438398
379802
196715
523204
380111
194702
2751709
2752722
3023548
3033811
4090039
4253962
375806
4116241
4195585
46269841
46273478
201214
4032450
3008377
19092377
36712860
2003467
201061
136934
4151937
443782
43531003
432585
4171381
201620
197253
4124683
321588
438112
432582
762437
37109306
37109307
4124693
316437
4057953
4150681
3017085
378157
4329707
381862
4076794
4078688
434610
140057
4291649
43559969
40221956
732893
40244151
438670
4270181
4259278
4284490
1350506
1350504
1344243
1343916
1344242
19076899
133685
140648
3004295
3011965
3013682
3015608
24602
197237
201340
1101554
1101556
199764
4273632
4311484
4264693
436585
81286
312938
441553
81426
75311
4340386
79833
42537304
440374
4338759
40492482
433778
37018952
4053592
77702
4009749
77115
4340497
252348
373764
377845
40239181
4334791
4029573
434219
443560
435987
441202
442010
4221182
42873596
4240913
2786879
433316
381035
443524
195079
197672
36716852
45757559
46269862
440392
4186461
4305841
372604
4119302
4053591
19060985
3015049
19106973
1363387
4069652
4043382
26441
74719
132393
134441
135893
137945
197304
200485
443358
443593
4324315
44783163
44783165
46269752
46269757
46270564
46271902
46273829
25844
135340
137345
318784
439410
439411
4025937
4025938
4132314
4179675
4181965
4198381
4294393
40483171
44782446
44782447
46269750
46269754
46269755
372627
377556
4308393
4220238
3005013
3013603
3045331
19102510
140673
37016342
4246127
4198042
374342
376382
378253
43530648
46270382
46270383
37018878
437894
4098479
3022813
40171410
198334
40171404
4111917
4142899
4176892
4001171
4043378
4288310
4068622
193326
197378
4306923
321320
4077584
4269485
4300305
133729
381301
3022192
3000637
19076414
1387513
19067044
19127266
1387452
19020400
19077513
19111620
4006101
436430
4302027
435796
192854
195769
195770
442306
133419
133713
141232
434590
4089860
4095589
4095592
4149851
4153890
4244051
4244488
4151263
132943
138790
37395737
37395738
37397427
37397428
37397429
37399393
45768754
45768755
37395736
37397422
1523935
40244464
432899
440700
4043738
4215402
4153380
380714
373203
432595
4210746
4047607
443876
198313
432493
4031003
4242593
4300442
40481101
785649
200765
4215489
4170554
1318011
4215117
3016115
36715479
30133
24970
4119774
440985
4285717
19021041
19076755
19129143
1738521
1738542
19021042
40171393
373487
377570
319034
432869
443771
4034100
435514
4233306
2003935
135923
4150511
377802
4028253
26942
30683
19044522
19044525
19044610
40230321
19044609
40491865
4001666
4033891
22281
4246290
4290978
4125650
200527
40480066
2617459
435835
1134769
1134770
4146517
27674
31967
438020
434204
4059585
141371
4297491
4064028
4066471
4066735
45763824
4031019
4064029
46269791
46270315
198483
4062569
4146482
132736
433173
319845
4150516
19124477
3024666
1707687
3018920
3005715
434474
378774
433405
375415
40492837
438905
40493327
4224741
375807
4104563
42537214
77670
4168213
19057842
314379
316135
318448
320744
4339214
19131656
19075376
321318
4159742
196061
193157
193434
199760
321522
440351
136655
136928
314600
315202
315763
434302
438373
442157
442158
442162
442163
4038842
201823
193306
136198
138519
198520
141941
4102334
313023
379812
4103749
4089879
4193620
4169568
140681
195598
4056780
35606631
435367
4053403
443768
441564
4228802
4077577
436952
436073
442582
4084966
75860
4102985
28974
29735
80951
260041
433968
440840
2616263
2616264
4059416
4096804
4304798
46269921
441851
1310149
40175294
40481901
252946
193863
4120455
4207307
4113020
443381
133956
437540
437847
434000
433536
439393
19076133
19076134
19135508
40168532
1126747
1134771
79908
4086243
4152163
4003184
133169
201675
438406
441534
4116447
4029735
437515
4147614
4123293
4179913
4101870
24612
28127
199775
4073921
951469
951470
36243826
42800072
951530
4247802
4344276
1133201
1133230
40173407
1133229
40173409
40173411
43559947
4059584
192675
434895
192667
46270145
22274
27516
72578
79765
132277
140357
193437
193439
195793
197518
198401
198402
200675
201527
373982
433981
442167
444463
4001665
4002341
4094114
4094118
4096519
4099492
4131761
4313365
4313657
4314207
4314634
4315940
4315953
4316619
4317548
4317685
4317822
4329511
40492458
27835
30061
30679
74606
135777
194598
196365
199767
201529
201817
372272
373160
373166
374313
379769
438116
438997
440668
440973
442129
442140
442141
442147
4093950
4099495
4116233
4239729
4239873
4239897
4241026
4313379
4314637
4316995
4317020
4317409
4317826
4317827
40479707
380839
433080
433938
434842
435418
436581
437160
438941
438946
442149
442767
442786
442794
443283
443915
4159524
4159691
4335394
433083
433370
433931
434223
436875
436880
437158
437183
437760
438028
438664
438669
439219
439233
439643
439971
441191
441198
442023
443282
443576
4157670
4312049
4216188
4049417
28060
4168217
4160059
195856
4055341
4009506
4307956
1336825
37016176
40482865
46269839
46273477
81893
40482241
46269951
4247842
377271
4201745
200524
4180026
439007
1552382
1552383
19061860
19127047
3027144
1552310
1552350
19067291
433783
433446
134305
141816
316126
4245842
2003444
2003445
315085
19099672
43013791
4234997
42799739
4289309
40481749
4167085
74399
440390
135208
4057432
436676
437529
4009648
197236
1307310
312846
375479
258981
434584
432873
437256
4120610
434007
4098015
40487146
3022338
435232
201690
19066057
4233424
4014159
252655
4260364
4307885
201891
4045733
433403
1315942
4144154
4299644
193518
46272242
4053320
4266029
3027476
37312673
30978
4287844
4023612
4278669
4338227
36712695
42708086
435463
439147
437306
4229448
4106203
435253
376337
909647
4300203
4092685
43021237
45769867
3035569
443538
4033848
440112
4172432
4158911
4265860
253482
36715476
441838
437523
4294246
4008710
77079
436785
19073873
19073874
36214291
4322945
4050079
201618
436675
199065
4033942
444457
1506312
1506430
1506479
19129398
1506270
1506314
1506315
1506426
19080181
4304484
4151978
379818
436635
374907
559532
443784
4299440
4093223
4134603
3008152
3017809
3018650
3025817
3027273
434413
4146775
374640
378414
4338896
4338897
46273180
46273990
4055484
45757695
4309528
4195917
4137583
315286
319844
378416
444367
4273391
4263576
372924
4126278
24818
135473
4087151
4238808
196469
380413
438167
4280942
22955
193242
375292
46270479
4055224
37018350
75576
4234788
3008575
4001172
4060295
196456
4143460
198985
1344905
75614
201894
4164092
46269844
4102501
4247597
381292
381296
4098475
434881
1714319
1714351
19019240
4028252
4002359
1329241
4266499
4026125
438367
4000609
80045
436348
4092223
432881
36713112
192275
929549
19018782
36217022
44782549
201824
4340383
4190773
74444
4067054
72709
78830
80484
80494
133861
4127128
375221
4226266
4237824
4112359
439857
30753
40169304
40169306
40169324
40169929
40169960
40170053
1110410
40169314
40169908
40169924
40169985
40169988
40169993
40170056
4054992
4056479
4298809
194993
37019054
4066010
4143700
437409
43530691
4189235
4055604
438720
432867
43526510
76771
76491
4280354
376690
374954
45757752
3037684
194686
73571
73609
74185
74777
75373
75375
75385
75634
76240
77112
77129
77131
77362
78273
78274
78276
78574
79167
80229
80232
80241
80552
80854
81141
81696
136834
196858
197150
379157
432463
432749
433038
433333
433340
433612
433885
433887
434176
434183
434493
434762
434764
434766
434770
435093
435381
435660
435661
435666
435940
435944
435945
435950
436249
436251
436252
436544
436551
436832
436833
437117
437123
437130
437400
437690
437693
437703
437996
438004
438005
438269
438578
438879
438887
439160
439162
440228
440547
440812
440825
440849
440851
440853
440855
440864
441153
441154
441155
441699
441974
443115
443460
443552
4001458
4003192
4003840
4003841
4007916
4008352
4008520
4009445
4009457
4009606
4009617
4009748
4010371
4010376
4010378
4010385
4010763
4011654
4012298
4012447
4012456
4012580
4012584
4013156
4013161
4013461
4013469
4013596
4013597
4013605
4013612
4014066
4015352
4015356
4015506
4015633
4015987
4015992
4016121
4016122
4016130
4032935
4058637
4059173
4066613
4067970
4073923
4082029
4083490
4084803
4085898
4086020
4088051
4089512
4117116
4117701
4118017
4128914
4129393
4132427
4133610
4134317
4134322
4134334
4135735
4135744
4135749
4135751
4136700
4136702
4136706
4136721
4136842
4138294
4138299
4144316
4146169
4150513
4159165
4160571
4164959
4166901
4167914
4172917
4174011
4174655
4175171
4175616
4178396
4178915
4179653
4184754
4189553
4199441
4205584
4206872
4211244
4218884
4219823
4221998
4222457
4230454
4237920
4263360
4282532
4282753
4297304
4300192
4301733
4302740
4311941
4319889
4337263
35626772
36715597
36715598
36715599
36715600
36715603
36715617
36715621
36715622
36715681
36715746
36717169
36717462
37116630
37116631
37116632
40481145
40482293
40484013
40487351
40490826
40490828
40491339
40491988
43021072
44782594
44783972
45757291
45757305
45757310
45757325
45757332
45766755
45766765
45766781
45766782
45766783
45766786
45766787
45766815
45766819
45766820
45766823
45766840
45766842
45766889
45766894
45766895
45766897
45766903
45766905
45766907
45766908
45766915
45766919
45766945
45766946
45766947
45766950
45766951
45767104
45767610
45767662
45767664
45771398
45771401
45771408
45771409
45771410
45772701
45772703
45772704
45772708
46270333
2005301
2005312
2005313
2005419
2005440
2005476
2005479
2005534
4167090
4174441
4182594
4195117
4211987
4237657
43531089
73036
73042
73341
73574
73888
74192
74763
74768
74772
75091
75095
75941
76838
77124
77405
77691
78579
79172
79174
79938
80223
80861
81707
133890
135939
137111
137997
138582
192759
252758
378265
380859
432461
433039
433046
433047
433329
433332
433617
433618
433886
433894
434181
434494
434497
434500
434502
434767
435082
435094
435101
435374
435956
436206
436247
436248
436250
436527
436539
436826
436829
436837
436839
437116
437118
437121
437396
437398
437402
437998
438583
438882
439384
440220
440238
440511
440539
440545
440546
440548
440856
440863
441421
441423
441428
441973
441976
441979
441980
442765
443114
443428
443458
4001334
4001335
4003191
4003193
4003194
4008220
4008354
4008519
4008706
4009299
4009436
4009439
4009443
4009610
4009752
4009754
4009902
4010386
4011012
4011508
4011656
4012444
4012455
4012588
4013155
4013160
4013453
4013470
4013604
4015350
4015365
4015486
4015507
4015628
4015630
4015631
4015656
4015981
4015988
4015991
4016109
4016131
4048393
4050692
4053654
4053828
4057580
4066639
4070301
4083820
4085248
4085550
4085893
4129394
4129420
4133194
4134325
4134330
4134331
4134337
4135745
4136566
4136705
4136714
4137945
4138290
4138412
4138414
4146461
4150497
4165868
4168152
4170313
4174010
4177025
4177069
4178395
4179811
4186433
4186548
4194631
4194739
4202682
4207372
4207935
4207936
4209550
4211388
4211657
4212236
4217219
4219822
4237458
4244549
4264281
4276036
4279139
4282857
4289914
4296627
4300196
4302223
4307254
4320022
4320634
4324690
4328220
35624169
36715602
36715604
36715618
36715623
36715624
36715625
36715679
36715680
36715682
36715747
36715748
36715749
37116633
37116634
40305987
40479208
40483811
40483848
40490827
40492392
40493210
44782516
44783856
44783857
44783858
45757295
45757296
45757303
45757304
45757306
45757307
45757308
45757309
45757329
45757330
45757331
45763685
45766722
45766754
45766764
45766766
45766772
45766775
45766784
45766785
45766837
45766838
45766839
45766890
45766891
45766896
45766898
45766899
45766900
45766901
45766902
45766911
45766912
45766913
45766920
45766921
45766922
45766939
45766941
45766942
45766943
45766944
45766958
45766959
45766960
45767135
45767635
45767654
45770876
45770877
45771403
45771405
45771407
45771411
45772065
45772672
45772686
45772707
45773540
46270317
46270329
46273403
2005297
2005412
2005416
2005417
2005480
2005492
2005520
4002375
4159841
4193559
4240016
4276183
4290320
4207539
1507835
376115
4056343
4242962
43020474
43020475
43020476
140487
141648
442747
443900
444272
444375
134438
135032
137350
137626
4004352
4064032
4066472
4066736
4066820
4249474
4291277
4292519
46269732
46269733
46270371
1436678
1436683
19019851
436076
4234083
192606
43530718
43530719
1762711
1762735
19061194
381859
40484532
3006923
3009172
3005755
19075397
19114106
19114506
196236
432257
36212698
197239
441818
4270705
45766121
45773220
4096196
4233565
4098458
382014
43530674
4177206
19061088
320749
19137327
441266
19012617
19137312
19137328
3006653
192273
441848
4038838
4002356
4003830
432872
319041
4066824
321107
994058
141323
4108950
4245646
2746543
2746748
2748259
2748260
2750879
40242344
377283
4196636
373470
4213465
1154660
40243202
43560451
40168239
78508
2000475
375549
375552
376121
4228686
948637
4108814
375527
4098622
40482727
4066382
442752
19012591
19112755
19112758
19012565
436957
374009
4146763
4203152
4264766
4300092
4264889
201901
372891
437267
443736
23986
138826
4033023
141095
35615055
723020
19076372
19131445
723013
723042
19018909
257583
197151
1304107
19102501
46269847
4262590
37117135
4177365
436959
79145
4062070
4148925
37395762
443726
443721
45763774
708298
19078925
380118
72618
4314093
4002497
4137687
19092935
42708389
19092849
4099792
377788
381572
138388
714819
714850
719380
719416
40163907
40163915
40224145
714851
40163909
40163911
40163913
40163917
4164898
4260535
193239
4334248
4339013
313761
4334246
4339010
4029188
436098
433992
441834
440078
4099094
4160043
4253901
380706
377558
378424
2721908
1154029
1154062
1154063
19077248
19077250
19121195
1154030
1154064
1154147
19077272
4141809
4142110
4143116
37016334
4119786
19019122
1136487
35623051
40226551
40226646
4098292
4055902
4056481
4059121
4142037
4168230
36712845
36712846
75650
72413
37018928
28083
923541
923776
36226664
4059452
4056478
4161421
4290062
30968
4221265
4145159
4146087
196528
903679
903711
903753
903643
903704
19008619
19008620
19019860
19079779
19099438
36223379
318222
4061728
4063918
4066373
4063919
4035439
443800
4312727
4230947
19131097
437867
378439
441963
440207
4232324
75344
321052
4094638
4094639
19007300
36224800
955632
955663
19077461
4151134
201066
433134
794852
193522
194997
200445
923720
923721
137813
4110182
4112813
948491
19003455
19127563
929153
961145
961460
134668
4069935
4067872
37017436
46273238
46273239
43021812
138502
4227153
195588
435228
4195085
43531604
318186
4172835
1332494
1332495
80809
4115161
4116150
4116151
4116441
4035611
4083556
4114439
4116440
4117687
37108591
4173974
2734979
196796
4341658
198571
1341149
1341176
19082374
19079716
19125747
19132301
3048603
1513103
1513105
35624213
442588
444100
4012869
4298317
4103853
4295956
4329560
1308738
1308762
1308799
1308837
1308972
1309363
19059330
19075953
19075955
19075984
40165410
437246
1308796
19075954
40239953
44507848
194393
46273183
4095693
1169352
2734104
2734110
377252
380975
1748921
19082373
40171778
434626
201337
316428
373179
78257
382034
134765
4184338
435225
4177651
4001632
253954
4136809
4194890
19066163
42708166
42708170
40164891
3024865
198695
45772085
196431
43530727
437202
373474
37396726
4053835
4151207
4154168
4290881
141411
4053830
4096314
19056402
964299
1717240
4178826
4243821
259874
4187356
4216427
40482937
4127089
19016749
194410
200355
434877
436651
436652
437818
195761
198704
316356
440965
4038835
4134454
4241223
4087449
372930
433741
4305376
201612
4058977
40481376
40480416
40480514
3009927
45757754
40482936
377659
4136209
4283381
194913
4110252
4271140
2003149
72418
4162115
28396
436956
433417
441081
30333
4102979
3034959
80813
140708
74130
79119
4041800
4097560
433423
81195
436684
438979
441800
45771019
4299418
4112752
4291143
4294416
4299417
4120302
192239
381551
4173311
376686
380394
4174262
317895
4220074
40221913
40221901
40221904
40221966
40221968
192767
19102552
19099674
40173865
19034726
19096679
3021374
139902
434674
435567
438460
439060
36715917
36717183
201045
36715916
36715918
4111709
4178809
43530881
4004146
133438
4096625
3010340
3026925
1789521
24909
19078522
1178663
1178665
1178666
36716270
4113451
193519
1750297
36225720
192819
950497
19075398
4137754
40487528
4149583
75206
4344489
1103640
979096
40234391
42707549
42799649
199726
374350
438827
37117206
432668
136960
4338871
374035
374643
374939
375265
380728
4239484
24134
4009187
40173287
40173295
1522957
4001315
77074
78234
36712986
36714994
314665
4273526
140020
135214
3004254
45757772
4237140
37018875
440704
1103359
321119
256146
443344
40162344
42902224
1518254
1518259
1518490
19076135
19076136
1518258
1518261
1518292
1518293
40160930
201916
192353
43018387
198475
42901690
36717165
36715641
36715642
36715643
36715644
36717164
36717341
36717468
2726168
1397599
4228361
4100425
37016171
4033802
440940
4069651
4069953
2757489
2757503
2757475
4227245
196463
374923
261738
432810
4145939
77310
313219
316137
380701
4170723
4288544
4039744
438555
1727443
4154632
40223042
4090100
440035
1337620
19023529
19023530
45770895
442190
432791
4264718
4005286
4007584
4079975
4109612
4166587
4342875
4007583
4068969
4109796
4173657
909841
35605744
436086
442600
3027653
141253
432833
1745072
1745073
4247822
1763339
4098145
432590
36716726
198400
432893
4108952
260841
432923
4111720
4148906
316999
439800
4338038
437843
443617
314381
40227590
40231855
40231911
40231921
40231916
40231925
40231932
432868
435521
1103314
258375
19102225
19011331
19078612
42897965
137820
19112840
40175240
1135766
36223312
40174208
438961
4024296
441788
260130
197381
4110130
198221
40171547
40171553
40171559
40171562
40171550
40171556
135526
1388799
1388800
1388796
19019079
435508
36715576
1799139
40241046
1799141
1799152
19127259
317576
443563
37312532
40481132
40482655
4239656
42799331
437854
43531721
23865
23868
73866
75356
132724
133303
134741
141124
194151
195363
196217
200837
201125
257094
314463
372424
373858
378547
380510
433862
435646
443913
4130372
4134614
4184499
4194856
4243365
4322316
74468
74470
81670
132446
133013
135061
138864
140526
193308
193312
195060
198249
198853
200831
201110
201399
201956
255362
256811
316795
321109
374142
375921
432725
436805
436806
439394
441953
442799
444421
4008737
4027567
4040385
4145142
4175814
4187364
4314399
4337941
78200
197034
437544
312622
4168681
201341
4031970
198464
2003462
313226
442781
4048809
133424
4002836
950637
950641
950669
44786754
950662
950667
19079712
36219038
43525754
320420
37016367
75004
78472
4085877
37018354
45757736
434920
19078219
375822
1126658
137792
4210912
256449
40483342
40443308
4135083
19010484
19010559
19010590
19010482
19010551
19082899
200843
4242816
40239216
40239218
195007
40490403
441269
4102183
40403168
30678
4332304
46270366
74064
4318718
4001664
4215933
4266662
4327939
73872
74472
4169977
4308096
4150985
4252872
4280580
4111541
1309188
4013449
3025234
4110961
4291454
4297667
4313634
1400501
19011773
19011779
19011852
19011853
19012110
19073585
19079896
439787
19021150
19069200
19073612
4249574
4062552
45769461
435840
1154350
1154380
1154617
19123989
1154343
1154349
1154535
1154536
19131109
197331
37397431
193807
1306839
43531681
440892
19028193
36224712
1389036
975169
975171
975192
975193
975505
975702
19002274
19020429
19026511
19078283
19078313
36218387
42800092
975125
975168
975170
19002273
19008572
19020428
19078284
19078314
19078342
19078344
36218398
40489493
140362
36715574
377604
42902110
42902114
198085
19129191
715939
715940
715962
19098166
437093
1112807
19046742
19059056
19073712
1112892
1113346
1113614
375285
381031
377883
4175440
19132536
78473
441067
134681
140821
4002818
4152384
46270472
46270475
46273638
46273641
46270470
46270471
46273639
1548195
1548339
1548364
1548365
1548369
1548415
1548416
1548999
19022066
19057100
19076997
36220915
40169036
42709180
42709184
42902239
1548196
1548197
1548198
1548199
1548363
1548368
1548803
1548968
1549001
19057099
19102520
19102521
42902236
133154
133158
760936
201388
4253627
374055
1304919
40236648
40236712
4080146
443464
40175289
4208719
46269863
440999
4329160
1746940
1747050
1747426
1747459
19018976
19076958
19080738
19082703
19122215
19125424
36220252
918363
19076953
19076956
19125429
19024728
4268004
36717471
132841
438698
4299149
192560
195195
200343
200349
435753
441521
74728
192785
37119157
4313328
40239056
4024763
315069
75580
46269843
46269842
435522
4001144
45757783
195300
261687
1177480
19019073
19019074
40164707
40164715
19019050
19019072
19027494
19078439
19078440
19078461
4046123
4137430
964979
965713
36213363
195009
138466
432962
1545958
1545996
19123592
1545959
1545997
432580
433716
4145825
4296631
19133517
441321
4210998
378135
4154930
442179
4280571
1728609
19130393
4061539
36676687
4057087
4178874
261393
4003021
254591
46270513
4137468
440735
441545
19022896
258564
261325
4286497
19124745
19125902
1360332
197610
4108900
140176
441394
4309304
200052
195480
1322184
19075601
1315342
45765493
19126719
19126718
380375
440369
4111710
4195892
4279543
939509
939506
939510
939832
4045749
437113
19070343
40161160
1757803
19101620
374317
377564
4261842
19074492
19035631
19035666
19074493
141249
4150042
19048698
19126059
4099740
372448
375671
378001
380844
381966
4019263
1307863
441246
3014791
195498
4136722
321596
4170770
4140301
440691
443559
75488
46273522
1354118
440105
433774
45757230
45757285
4159157
35625873
4265749
37109050
377298
905518
4067313
4049659
434891
436669
1154161
1154197
19023368
1154195
138713
433758
1125320
1125357
1125358
1125393
1126872
1126911
1129105
19020053
19072159
19072237
19125056
40162465
40162511
40162522
40162552
40162563
40162566
40162618
40163813
40163814
1125315
1125360
1125392
1126750
1127433
19072176
19072205
19123143
19133768
40162514
40162515
40162593
40162603
40162606
40236691
40242522
140966
440787
40483172
43530680
37016170
192901
1395773
1711759
1711761
1711792
19123202
440953
317248
139803
19080764
36213615
193528
78097
136354
196925
200348
318096
320342
439751
442182
4147162
4246451
4312802
4315806
72266
140960
192568
198371
199752
200959
434298
434875
4158910
4246450
4281027
4314071
46273652
381860
440710
375256
376400
432895
438749
381295
439297
40482507
22288
79804
4179911
72404
4198081
72245
194288
438066
75920
437461
1526479
19112569
1526480
1539469
434824
40162315
40162346
40162359
40162311
40162321
40162333
40162335
40162401
441829
258684
19102495
4340367
4273095
4260546
4049797
433450
133566
19021074
19077242
953076
953113
19077220
19077241
19130460
37117194
45757763
45772128
195590
4182691
45757765
4275880
4058821
755700
19079985
755695
755739
755741
19077462
19077463
19077464
40243919
1143374
439190
4120401
1395557
196151
19011093
36216483
4132810
438452
440738
4111861
4310665
45757433
376938
437784
4138403
443414
196364
19076752
75345
78833
75043
4115355
40490390
193814
24660
23220
4110362
374341
134865
80946
1738579
19108021
443361
201780
1727223
1727254
19102222
4108235
192683
197332
40226579
40226581
196055
315481
43530851
40160952
40160970
40160991
1301025
40160948
40160973
40160989
40160993
40160995
378165
4303970
4024013
40481522
434592
1311799
372925
45757239
195197
438730
199075
4285898
376989
44806773
79890
317305
438959
705944
706239
19128335
706237
706262
196515
4321833
4006107
4111711
4051334
4260918
444199
2786880
372646
377291
197925
437876
4321555
435853
4344166
4090861
4095793
4038602
4188613
4279639
432621
81336
194683
45763760
437557
4214438
4044708
4064036
4066819
138825
443556
4027782
1395774
4276173
4092994
19019309
19019331
19019332
19019333
1318853
19019310
380702
198465
194149
4101287
75863
4345685
376112
4344500
4068613
4248100
193249
437496
4094042
4335174
201619
4081065
4079683
4130027
46270166
40479594
134661
139841
4246141
74124
72991
75620
81937
4114600
19121242
40237312
40237313
434633
1118115
19029025
1118084
1118091
19029024
72995
73290
74127
76503
4079725
75343
80492
440820
4035425
2006596
19036366
19057624
19059823
19108285
19131348
19131640
19132782
19132783
19133372
19133750
40163055
40167040
40168717
40169625
40239710
42799410
42901643
3027361
19036426
19036527
19075302
19095164
19095165
19095250
19125401
19125845
19126425
19135161
40167992
40242473
43526056
44806793
19045071
42707354
43012671
4030186
440140
753626
4032003
2785864
40483287
4002494
40171520
40171522
40171524
40172166
40172175
40174046
40174052
40174061
40238670
40171518
40171526
40172191
40176755
40238672
440979
136773
3037556
3033526
437836
76349
374044
381570
36712949
201121
374349
73012
73580
78357
4213731
44818461
378423
4345206
4345354
4345355
26935
4102342
1500211
19128203
4113837
200440
4097998
4100152
435138
4195720
4317288
380094
192885
40221404
939902
939909
940060
940093
36212250
40228989
939903
141370
1358436
198104
4162859
1309944
4238559
4142087
4126294
198088
198374
200338
42800184
927970
42707526
42707635
42800173
42800186
4112334
45757744
44785094
19000500
4338893
192763
194209
4050679
4050680
4056457
1114375
1237049
1237231
1237261
1237116
1237184
380747
1547504
1547510
19079465
4247084
4339469
19054825
4044391
4234742
4114353
195771
19023636
19075394
797617
797632
19075393
4297185
4335883
4003487
45763828
1391847
1391848
40481178
1391846
80497
4100247
3020211
40185056
40236088
1326349
19018935
19018937
1326303
19045317
3011335
4057743
378421
31057
1377163
1377141
4157454
24296
26052
26361
26638
74582
76924
79749
79758
133147
133969
134579
135489
135491
136917
137809
138074
192847
193422
196044
196360
197507
200051
200054
201238
201518
257503
316644
373151
377811
378696
379756
432263
432845
433704
434292
434293
434587
434880
435484
435751
435755
436042
436353
437224
437501
437805
438368
438977
438982
439392
440335
440649
442122
4002340
4155171
4156114
4162253
4247336
4247348
4247836
4311480
4312698
36684820
45770892
436054
441225
25486
31509
76914
78093
80340
134290
134295
135750
136915
139750
140950
192255
192836
193138
193719
194589
195482
195483
196047
196048
196049
197500
197799
197806
198091
198988
199754
200962
201519
201801
254282
256633
259755
261514
261808
374874
375490
376647
380055
432262
432837
432843
433143
433149
434289
434577
435478
435485
435493
435752
436352
436358
436640
436913
436922
437220
437498
437798
438360
438693
438694
439404
439738
440344
440956
441513
441515
441805
441806
442131
4162860
4188545
4246802
4246808
4247238
4247719
4312685
36684817
42709931
376971
4152351
3003985
4324395
372903
443327
193144
132703
4264891
19122475
19124417
19026972
4342995
380410
4151635
433811
35604032
134734
138526
4131768
751890
19003953
200215
4082487
4279142
437449
444074
28779
137900
139850
4001328
1134439
19020136
438123
140064
19049909
19049937
19014878
19014880
19014907
19014908
4312290
4071059
439261
443237
74396
4308093
373775
374034
381001
440076
4297284
319835
4229440
4242669
4200649
440476
261599
435227
438782
40185297
19102471
1716903
19129337
1734104
19073776
19128018
19133860
40164101
1734108
19028283
19126615
45757785
45772671
4028933
1311078
40175460
4157456
138117
4243593
433696
192952
194394
1114220
1130615
4231770
4309257
4150172
759930
759931
4001670
906921
906973
907071
434311
36225606
40762102
1703687
1703691
1703743
36217186
1703689
1703742
19018786
4111099
4308404
45770927
42900250
42900252
4096185
198100
257513
437238
443565
193155
194306
432271
37018338
40481907
45767695
438343
43526430
435474
439746
916499
4028479
1550557
1550560
1550776
1551005
19095117
19070310
19121518
4034970
75911
79916
81106
4006163
432863
4100626
320299
1580747
19125041
19125045
19125049
4210005
374023
4236312
443081
4120094
4133599
762441
4279913
37109310
1551099
1551122
1551123
19130166
19130170
42873631
1551100
1551170
1551192
1551193
19028933
19133985
315116
78162
1149196
440988
136774
1702560
1702559
438250
1707343
19080187
36218698
1707164
1707313
1707346
1707472
19011786
19078922
19114231
372635
379817
439815
36217238
1124300
436407
439808
4237062
31884
381009
438141
440385
438244
443795
4160859
4078705
132575
443540
140967
4143379
201621
4182983
4003833
4147411
4001329
4002357
45765770
1797513
1797516
1797576
1797594
19075378
1797515
19075377
19075379
19075380
19075391
439763
442108
74322
317814
4208815
19076530
19132244
19066084
19078493
40174391
1124957
1836953
19019852
4194232
43531630
3022914
836208
45774751
43014091
43014087
1510813
439407
4023985
40163720
40163718
4169954
258540
313007
2776959
2791790
2773682
2773685
2774517
2776753
2776754
2791788
2791789
442104
442111
444444
19122306
1776684
19074940
19061483
1119510
199771
4308715
4245406
73153
77812
436923
1192218
1192219
1192221
40221887
78494
4153106
1784444
19078751
36227070
433031
141932
440982
437027
4048710
1353766
4218083
4224176
42873638
4021397
996625
44818489
19137042
3007854
433455
2786189
138612
40479589
1717327
19073219
19079893
434153
442553
701322
37111388
2754378
2757640
31821
133141
76789
81383
4002792
4199407
434953
192953
196359
76790
141456
4340960
435701
40239060
437904
46273431
376107
43011841
43011850
43011897
43011903
43011962
43012446
43560387
201617
40167582
43560385
40165997
40166002
4092992
4109045
381135
40479565
4069943
19124372
433975
260336
4214610
4025325
133803
3008598
3016991
940004
940005
1790982
1791016
1791050
4160362
990028
990031
19122388
321263
443738
132835
436088
4134595
132932
19079137
19079138
981656
36226880
4033617
437589
4032727
436740
444459
4302555
4028474
1136422
4252581
1548966
19077056
19077058
40486896
1326901
756018
4053831
377573
40481299
1341927
433996
200618
436003
4308835
381867
313504
36717267
377263
1336539
1790868
35604506
192735
4105025
4101584
4101000
379027
193520
437221
40222444
40222446
40230585
917310
939259
36213925
43012434
917207
939300
939359
19027325
19096595
19098138
40173399
40173447
439003
1350066
4087749
4204062
4236484
43013071
40223156
1398937
40223152
40223154
4141028
139753
19035327
1708880
1708903
1708904
19035325
40163932
4170452
443919
4129155
1308290
42874135
19074244
1106776
19112761
19020099
4145158
4316222
1315865
702774
40163990
4053832
141248
19023235
36214556
4044227
432738
1307046
196733
132643
133003
133296
133573
133853
134137
134141
136205
137648
138847
141662
141663
141944
443631
4001298
4122186
4284844
4344376
36714236
46270395
134738
135350
137964
140191
141666
4001282
4001819
4002825
46270393
46270433
4268609
440634
4253626
199067
4061217
2788638
46274123
19079717
19125745
4052966
77923
40225978
42800296
42800295
193165
4326255
4032474
77356
80186
379814
437726
4083371
4115844
4117553
4135080
4136562
4138150
4178934
4194893
4199185
4215445
75047
76199
77637
77962
78507
78510
374363
435098
440549
4115836
4117253
4117255
4134171
4134173
4135082
4138149
4194891
4213373
4221189
4048449
4217461
40480435
40480944
375528
4317258
45766654
4201565
4126297
200169
4194652
4277280
4146239
36716659
4279681
439807
4347287
4313846
3010625
1714277
1714278
1714279
3050218
194407
197327
40177826
443878
195599
4087597
4081998
4130017
440674
4035438
46270453
46270455
46270457
46272380
4035751
46270458
46272381
4239550
752061
752092
752095
752205
752209
4155764
40228154
40228161
1167323
1167322
19018787
436996
439249
435226
439248
4319280
440740
4214530
436485
1315946
19022830
40221776
199863
2786686
1316262
1316268
1750562
19075422
1316269
19079498
19121182
1750500
1750501
4254512
4195522
381020
1115008
19019271
19019273
19122492
1115066
1115067
19019272
40240377
197917
4126291
4126292
1704186
1704183
1704187
1704217
36212367
4233724
40481757
381677
4091913
438409
4149353
4149904
40224169
40224175
40650479
19019112
19019113
791967
792000
19019114
1351557
3023640
1301267
4196401
36715779
1314865
1557272
319921
380995
434656
314457
722031
722071
722067
722069
722070
376104
377546
44782681
1331270
1525215
1525220
1525221
4112020
1331312
19076623
19079293
43530645
4306044
19121383
19076145
40241504
140027
42874224
440080
45763826
1310353
140641
19038440
4223448
257010
19114480
1139042
19072269
19123151
440990
315276
4184976
4275423
1343346
3024821
134718
380428
438107
4098597
1784749
3003562
4135822
1551803
1551924
1551987
19077244
1551838
1551839
19023487
19077245
19112640
19128031
197039
434337
441130
4121274
40223051
3030703
19011440
40175813
40175817
40175821
40173401
201164
1156380
1156381
36227167
2003607
915981
435205
44782819
4205002
4122116
73754
4246284
26060
4003171
37118664
440409
440751
378434
4207660
373479
31610
433735
440699
133420
432848
436926
81239
132258
140046
432844
438089
4246137
136639
137800
372567
432559
433709
433976
434588
435190
435487
438086
440047
441233
441802
4311499
4094976
44782741
44782743
44782744
44782747
44782752
44782421
44782751
44782755
79240
4213266
40481943
261255
195847
441793
4301666
30515
440087
40226387
40226406
2740255
40226992
40226998
40226963
40226995
40227060
40227085
40227087
40227101
42708645
4110933
4272345
906780
19005929
906891
906933
435792
436079
1751310
40175427
1715319
1715315
4046903
439093
2722677
255059
318776
4274969
902059
902523
19022859
19069629
19078855
40164152
40229410
902199
902435
19074093
19124302
36224990
36227095
376965
2786470
902740
902741
43526514
3035509
902722
902806
967569
3004090
23137
4302754
4108968
4090114
4185529
379805
444084
1236744
194690
4050977
45892579
19063575
4148231
4298740
74080
4025663
4051956
138176
133794
1331247
19079220
197084
74731
4027663
437881
4227449
4346975
201257
36717576
4033861
133285
4281030
4311402
45757462
27918
4091336
4092380
4157457
133150
40163924
40163928
40165972
40163921
40164897
40164929
40164946
40229045
4112026
46270031
46273649
443454
4167918
1777806
3015884
19074977
19074978
2733894
2735569
2735570
1747396
1332525
1332528
4237813
2727441
434859
985331
993263
19072321
19072325
19057064
43013637
800878
800881
800892
800921
19075608
3012984
316127
200319
4093145
40482198
991382
734302
734303
19019589
19073899
19126251
734275
734304
734708
734711
19019590
4251304
4146936
4275889
4006294
78829
81099
4188413
72988
3000722
4228429
3033882
1712889
432296
376425
372318
19126697
19127416
967823
968005
968205
19079527
19126627
19127005
36227315
40241104
42801149
766529
19077930
19077928
19077929
19080040
19080061
40165561
4212727
4201438
4046093
19004991
443214
1717704
1717707
196160
377862
974226
319793
4240725
929435
929519
19018781
19018750
434004
4264925
201792
198807
4035467
19087102
19087105
19087108
40239551
78609
45757367
45770921
438059
36715573
138387
137519
380395
72377
320429
313221
4147787
40483183
40482713
4113820
1748975
4112931
1748981
140099
4038846
4122221
373449
438456
4097996
4109548
4120275
372900
440987
4127727
200761
45757263
40224812
40224835
40225695
40224789
40224831
40225691
40225697
321661
194807
438476
4017107
4328804
197311
376970
4148140
4048796
434942
3006501
441536
4175167
44786774
1526475
432637
434944
440732
1526476
904351
36216863
42898023
441628
40177829
2726026
4232337
2725826
2726272
2786060
2786062
2786063
433415
436031
4053585
993653
993690
19020488
19065085
1303425
24148
40168187
40162464
441558
45763766
45763781
904457
904453
904490
904492
19123103
19123105
4298026
4295624
4300557
1112921
76801
4233830
4042934
374377
1517989
19019301
19078988
1517824
1517991
19121752
40237543
40169232
40169236
40169269
40169281
40169218
40169285
1703093
40241982
437090
193983
379782
433813
2008026
4317977
4201172
42708144
198198
4303233
40241331
40244444
40241333
40244448
259865
4103650
194406
320888
4232106
373463
438223
4061839
40162307
40163826
40163829
19127432
432373
19054996
4289526
911354
1774470
3016851
2754603
1394023
45892847
440642
40163894
40241186
40241188
40481852
374948
4269878
136496
759852
759853
759859
760152
762376
762387
4009176
4095399
4100662
4186208
4228503
4263898
4290877
4320944
4334404
435613
759860
765316
765476
4023773
4028238
4030977
4065997
4148456
4208980
4245143
4246395
438122
4025660
196569
4107054
4238732
1778225
19075001
19075002
948078
948079
19080217
19129540
1778162
19101614
134870
1501700
40169770
40169775
40174569
40174880
40221417
40221419
40221421
40169766
40174561
40174563
40174565
40174567
40174571
40174907
40174972
40175001
40175026
40175050
40175077
40175174
40175210
1344354
434625
435784
739207
739209
19079497
40165282
739138
374931
376119
380402
373202
377563
4069654
314658
1305450
3016201
4279553
19084670
196455
79864
1539403
1539411
1539462
1539463
19023563
1539407
4234127
3010084
3011960
438383
4097284
138346
4039691
42537251
42537252
40165245
40165257
40165261
938118
19027886
40165253
19057397
19126585
36224328
441103
1713332
1713370
1713671
1713694
1713697
1760056
19073183
19073187
19122220
1713520
1713700
1759879
19073186
19073188
19073189
19115197
19123585
19123605
374922
377853
1836434
1836449
377545
1836433
715233
715235
715236
3050758
4304010
4208264
4156959
765582
4147660
4185356
4322951
194996
195589
45757766
313791
314059
316998
4308716
441280
4116008
2740050
43016387
72421
4226991
4153362
2004090
19114219
4030035
380640
36716521
381297
45763821
432890
4290976
991876
1389888
19074212
2000016
197921
40483374
19056880
434742
40168436
719311
40168438
40165757
40165785
200671
40165651
40165657
40172381
313005
4069184
45766087
132718
134454
134735
137077
4347296
46271951
132414
4148121
4347302
4216771
43012036
43525679
434033
437850
4102049
433762
4162559
1836391
1836392
439082
4141640
4067987
376225
4031840
196156
4263510
28403
78232
432619
4003188
1729323
1355509
2000015
43013660
43013664
3006262
3012158
3025634
3038288
3038297
3041623
3042194
3044254
3044938
40765161
3025023
3029815
3042596
376712
197328
381308
195313
4242875
4266864
4326601
40179675
40179680
40179703
40179635
40179642
1346823
19022750
19022781
40163948
40163950
1346990
19022749
40163952
40163954
253717
1553611
1553610
1553652
1553682
704600
704601
704599
36713113
743717
743719
743753
19079835
19132560
743670
743718
743720
743721
743752
19132561
19132562
19132563
740394
19023062
19074697
19102297
19102298
3023985
740275
740281
19023064
19074691
3028639
2753964
4202045
907879
36218723
40223901
40223932
40223948
40223953
40223970
36224549
40162381
40185204
40185215
40223893
40223945
4164151
195500
439081
4241648
36674773
45769152
733008
19019528
19019530
19019529
19019581
135349
45775372
4135937
1710612
1710617
19026459
40242503
42894700
19129669
19130453
951536
951537
19008723
36214603
4292056
1348265
19130019
19026493
40242497
2725227
2725289
42894601
437969
902971
42708056
317713
438024
4134940
4339476
4066941
40182097
974473
974474
19112606
137351
4229262
4040379
37116489
313062
40228974
735850
735851
1436650
1436651
373206
735882
40238668
318766
43531046
374360
4121629
4316372
19036797
77030
1742432
436642
4089362
436397
4140071
136937
956653
19132594
1759455
1759456
4305482
37311319
435790
4192647
984236
19102526
984232
984235
984237
198192
1149380
36220588
40169204
40169216
40169230
40169234
40169273
40171016
40171045
40171047
40169200
40169268
40169283
42799049
4277253
200881
37204824
40241488
42801287
4100661
19121216
1037006
376395
1037005
1037007
1037008
19124246
19124247
974620
19023453
19023454
712615
712620
712643
712621
712642
76725
443773
312349
970282
2788110
4121646
970250
970283
19079658
37116608
376984
380117
4109067
4115027
45757384
45763589
45772099
45773176
373204
381014
4298028
435651
443715
40243205
46269851
40243206
4301668
42903460
377272
4237155
19115123
19106560
78771
81303
1741408
40180878
1741309
1741402
36227435
40180873
197603
259988
435537
1309161
201478
40765040
74737
435516
4215809
713196
19058410
46234437
2000370
4094984
1351779
43013026
4095565
1311409
1351781
43013024
43013030
1334456
1334492
1334494
1334535
19102170
1334459
1334460
434010
437524
440085
440068
4137236
1309992
1310001
1310037
4275433
140803
315293
4110937
45766207
40166295
40166320
40166330
40166362
40185005
40166310
1113041
1113073
1113076
711584
711588
711644
19101553
1113074
711589
19078781
19102504
19132401
42708510
42708512
961047
961050
19019696
19126405
961051
961082
961168
436702
4173420
19101814
19096215
438699
4243575
435786
4269569
1150347
19010963
40238008
40238021
1150345
1150351
1756839
1756831
19125237
42902282
4204991
19079204
40164497
19004810
19020853
4262578
40163518
40163524
40163554
40163560
40163566
40163510
40163534
40163540
40163546
434008
4096938
4103387
45763822
19095285
42899453
46221433
260131
4062098
793846
19018013
45765628
435028
1437379
440382
4134552
2006501
4232162
40163897
36685161
36685232
943117
195664
40481585
377287
4055481
4111416
4055650
372326
374957
40234384
42708733
200773
40232188
42707566
436948
4052225
4031766
373489
37109301
1368671
19078928
42901964
42904205
197377
1386957
40490888
2786472
2900303
2786478
43018388
19128174
4199600
4260520
1115126
19135569
1115129
1115171
40240187
4129400
956874
956877
40171428
4053593
957136
19019042
19077546
1703063
1703065
40166691
134743
4313149
1742255
19080152
40169138
1742253
1742254
314962
435633
4145016
4223997
433565
435903
438527
923645
923647
19019418
19023551
19102189
19130286
42708624
438390
81623
439011
19019302
438477
19018419
374956
4134172
4176166
36225086
744740
19124931
381575
4306640
252949
436975
4288480
195464
4001450
4140154
4182585
4312756
40238770
4342896
2727536
19129664
19129681
72487
73366
74533
74809
75406
79962
196856
433076
4058513
4144835
4155497
717607
80592
139200
4155495
750982
77644
762206
19028081
1763204
762207
967861
42901722
19019700
19019811
1710312
193252
1703653
19096455
19133794
3019885
40184845
438150
374466
197932
198810
4254542
36715575
377270
440370
957394
19072967
4169252
40228087
40233955
40233964
40233977
40234038
40234084
40234705
40234727
40233220
40233993
40233999
40234019
40234030
40235896
40486171
320347
435492
77963
4239487
4192851
194871
201211
4127408
435642
137682
4068616
4068617
1192710
42800967
40231370
40231374
42707649
43532949
19072994
985247
30356
23731
715259
715294
715300
19122148
924142
19028901
3040349
1548111
19113439
19008724
19021102
19078956
43532423
1101898
19028902
19107391
19107392
36224979
19003999
19102491
19102492
19102493
1524674
19126450
2747301
2747305
2748804
2753398
2747297
2747304
2753399
43016471
193530
194755
197981
443629
433516
436062
4163735
1309800
4235753
198101
4031128
4033319
37016193
1309799
1309801
1360421
1760616
757688
757690
19096776
19122479
43525648
40168659
40168664
757691
757712
757755
19102213
40168654
40168669
40227569
201244
2722689
2723508
2723994
2723513
2723520
2724004
1362360
19019335
19019336
19019337
19126352
40241038
1361711
1361859
1362392
19079057
40163938
36712703
45757176
19074250
75048
36712702
40480278
45757175
937791
19074271
19074273
19105672
2786222
2786226
2786228
2786231
2786431
2788717
2788725
2788734
42898000
42898001
2786227
2786234
2786438
2786441
2788707
2788723
2834837
42897998
785788
785821
785842
19079152
19079153
19079154
797440
19077547
19077548
785815
19022782
19079155
797399
797415
797438
797439
19077549
19077550
19077571
439385
2003447
4103534
379801
381504
991855
19122412
2003446
79936
439834
4161947
931152
40168385
4057038
320835
321389
4094548
4311124
43021205
257293
433730
4038038
739323
1709170
19088587
40225159
141213
4033341
40244268
40162431
40163312
40163350
40162434
40162436
40162438
40163333
40163340
40163342
40163361
4177975
19129446
1360436
1395619
134608
134618
40483220
378145
380093
381278
40171397
40173098
40173118
40173131
40173151
40173472
40176912
40177238
40177240
40173073
40176916
35624485
374043
437241
40165762
40165767
40165773
40165789
1332418
19073093
19073094
1332419
4187913
19103595
19124346
40241169
40241170
40241178
441025
201511
4086986
40479844
438366
2760365
40221889
40221891
40221895
40221893
40222834
40222862
19072293
4060950
40162871
40162875
40162864
4095892
4097283
4094260
40163630
1350490
1350521
1350489
1350552
319016
438748
193641
373101
4054857
4054878
45763823
193079
4222138
4284492
45757415
317376
321683
195321
200775
4195677
798834
19027500
4042407
4111412
1836191
40167224
1786617
258441
436344
438692
36716501
438080
904356
4130851
1363060
1363091
1363053
1363057
1363058
1363059
19124265
4335159
433531
434084
436140
438208
1351541
1351622
19021438
40240346
40240348
1351624
1351626
1351627
201900
1333357
1367500
35201105
42900586
4048485
434486
36713172
40420291
1510687
40236899
40241536
42707985
1154332
1156130
40176329
40221631
40221769
40223110
40223112
1201620
40221700
40221760
40223102
4052209
4052218
4005907
4149044
434344
24974
1350332
1787123
1787125
40163760
78987
1312009
1350310
1350311
1787101
40163753
40163764
373483
2744002
2743996
433978
36220578
40243864
40243870
40243872
40243887
40243835
40243859
40243866
1317640
1317675
19028935
439739
377848
19028936
440345
4059379
45757380
45757381
977968
36717114
40480043
1111242
376387
376405
438759
4111565
757627
29056
443610
1185928
19078927
19077573
4003529
4005764
2765060
4110194
4031170
4192127
4245840
1186053
1508439
1712891
4146460
1150871
1150924
1150926
439838
40171497
40171499
40171514
40171516
40171852
40171863
40171884
40171917
40171419
40171501
40171504
40171508
40171510
40171905
19127913
40224108
134404
441582
433207
1308874
1308842
1308851
19096677
19096678
4272313
192433
4144112
4195865
4028980
438252
4049477
4312704
37117999
45757538
19012346
19015726
19050488
45892833
4340397
717136
1724869
19081224
19137385
381252
4177007
4039932
4067173
40479573
40165636
40224655
196157
4057513
4098604
40482807
19044337
40230597
42709322
3009010
80576
437149
4113927
2759654
4242974
40483771
2760353
968464
968635
968667
19061326
19133083
1103351
1103353
19133844
19134047
19134116
968426
968639
19078859
43014144
40242507
40242509
40163371
40231765
40163383
19137329
40165574
40231761
42873430
734354
734360
734392
734394
734400
19112670
40172649
1717708
734356
734396
19112671
436133
4213271
3015322
736020
736021
736053
736054
19079462
19102162
19102187
1383849
1383850
1383925
19080095
19100691
735979
736015
736055
19102163
1383851
1383869
1383930
19033627
19069136
19082350
40235257
40235274
40235276
40235281
40236419
40236446
40236479
40235260
40235266
40235269
40235271
40235279
40235286
40235288
40236430
40236481
433000
4000968
4180849
74635
137858
1505346
40174291
40174309
40174318
196165
4100815
198075
4186572
4102401
1717002
200451
4160460
1502905
19135276
19059414
73021
4167532
75910
192676
440703
4129392
715997
19102177
4325420
132342
4030846
700326
19019856
40242539
19065567
19080155
992956
733301
134304
443741
4224517
36215679
73090
73649
74816
76565
77734
78605
78619
81175
81186
81723
381444
436278
4094981
4095568
4096646
4103289
4174369
4192643
4295727
4331284
36712794
36712795
42536696
73923
75689
80573
140273
195401
195977
321710
434203
4058370
4094834
4094990
4096643
4096766
4219836
4246724
4263766
4275292
4299398
4310238
36712784
36712785
4057381
4216397
433257
4118277
4132494
1126557
40169944
434570
923955
19023231
1711248
1738165
4081720
258482
40163845
40163849
1524675
40170013
40223140
433410
4339544
923829
923956
996416
19077375
1151422
1151423
1711246
1711250
1738135
963356
40224944
40166615
711714
40162274
40162278
40166650
40184712
40184727
40184730
963353
963355
703244
703248
40163942
40162282
40165805
40165809
40228841
42902231
1595799
19071337
1595992
40238625
42902168
42902244
43532543
1595814
4215982
435787
1353231
1353265
1381624
19072938
19133766
19135602
1340161
19074671
19074672
19074673
313006
1353578
19005046
1381504
1381564
1381566
1517070
1517147
19135597
1340128
742268
742303
742304
19022457
19028939
42873600
42873604
43560433
43560435
3025481
742267
19028938
42901669
43560429
4003178
1115572
40173403
19006047
40164859
40164863
40177118
435269
4134605
1754994
1754996
36212005
40173440
42708867
19133853
40164855
4308632
1754995
19019003
19019004
19077401
42708518
42708523
80819
133283
432289
434316
443252
4147494
4175583
4216432
43530714
19003412
19067303
40170911
45774861
4119850
381017
4178431
23806
374025
4162450
4220292
730729
1373928
35604848
192357
201397
254669
1322199
710650
19090988
1341268
1344965
40166123
40166127
42800452
19029026
19067230
19090986
19090990
40165468
1341270
1341302
1344966
1344967
40166121
40166125
43531861
40169238
40231804
40231806
40231814
40231816
40231818
40232754
40231810
40231812
40232700
40232707
40232717
40232730
40232735
40232745
40232756
142033
40228203
40228210
40228212
40228228
40228230
4043672
4044351
40227546
40228214
1312743
40164501
40164505
40164514
40164523
40164525
19096740
19096752
40164516
40164521
40164529
40182093
905233
905241
36219416
905236
905266
905294
19012749
19129676
36215614
915175
19073871
43013021
380725
381865
436446
4242733
444079
1354699
436164
320206
372243
4208199
432396
437316
4044402
1354698
40243589
997881
997898
997899
19075427
36216363
19126426
997892
997893
997961
997973
998014
19075428
19075531
40168476
439026
4068628
976780
36226180
40163572
381592
1782521
19017742
4003980
194491
4115546
4067539
374357
4067311
40163576
4001578
4314705
4163266
1782543
1782573
19017744
19017747
709567
40163650
2767299
2767301
2767302
2767304
2767308
2767309
2767815
2767816
2767817
2767819
2771587
2771588
2771591
2767300
2767824
2771589
2771596
74052
4106357
4106360
40169689
72926
4130197
4217892
40167202
40167213
40167218
4106681
4312493
45763578
916774
19011487
40169683
40169695
904435
40233219
903963
904325
904437
36223173
36227374
40231516
40231529
375290
4037874
923081
923115
40166824
40166826
40166828
40166830
375794
4146660
377886
260730
19019416
19079151
36227395
43532894
40162867
40162878
19011640
19058240
19078402
19125975
1559685
19077682
1703069
197916
902251
19078404
1559684
19077659
19102500
722157
19115249
40163496
40244256
722156
744794
40163492
40163500
40163504
40244260
1000632
19074181
19075603
19075604
19075605
36212650
40221874
40222092
19022063
19074182
19075602
40221856
40221859
40221864
40221871
40222060
42707259
4056717
4057178
4059253
4059257
136057
138102
4243587
37208309
4057044
4057177
4062387
4062388
444445
4242514
4242957
37208308
904547
974166
974677
992591
992612
19022486
19078080
19078101
40184187
19121339
904549
974199
974200
974201
19019044
19075153
19078106
19078140
19078166
19106768
40171658
40171665
40171668
40184184
40184217
200146
316457
376229
380265
381574
433585
438407
4082453
4193638
4224926
4240847
4286201
45757678
912803
76533
76745
77961
197782
200444
434894
4053178
4102935
4226022
4299544
43526401
137991
433987
4113009
4132549
4177362
4219643
4225434
4258683
1321636
1511646
19012598
19022479
19055153
19080156
19103548
36224973
40168220
40168599
43560392
3019839
138181
441015
4148557
792993
1333379
19036781
40167569
40240666
78193
381024
372888
436166
4032799
4105930
4117554
716968
778268
1319133
78308
4032878
19008009
19064204
40163867
40163891
3005229
4073858
134604
376125
432282
40599994
4090207
4069653
4138760
4146581
19019334
40480077
4197184
4065364
1736971
1736994
1758538
40234301
40237541
2735564
4116166
2733852
2735337
4202842
40481358
40481410
46270436
965748
965777
19079493
1758536
1769389
1769390
2733888
2734651
81382
40482890
4117881
260034
2002867
4061050
4081648
4149084
40223768
438531
439266
201078
40173872
40173876
4087776
443419
4124868
40223766
40223778
1597756
1597761
1597772
1597773
77517
81378
135759
140664
4041799
759740
40173888
4142066
4313828
1796438
19074876
19103288
4301373
1399177
1796435
40229699
134898
141825
4030040
4152370
40167435
40167443
778299
778357
40163063
40167431
40167439
40167447
778296
40163070
1137529
40166801
40226742
4002349
4003175
4003179
36216773
4002344
4003177
766842
766850
766923
766925
766929
766814
766819
766820
766821
766927
40160985
40169352
40176686
40229445
40235212
40235220
43013597
40221822
40227525
40237535
40242070
42800300
19077408
19077410
19127977
19127979
19128008
43012750
955291
19002364
19002365
36224785
19128227
19128259
19132882
1589505
1589573
19129472
19131647
40168575
941477
