19131544
40233612
19131481
44783628
4098740
37119138
3018994
3022250
40173507
42800463
441827
4058695
4331309
40171333
45770830
435565
4029420
432589
37312519
4098617
44782429
444269
432250
439696
4308394
4309318
45757557
141084
434911
45757690
4294300
441215
3010300
3025673
3007332
3009582
437247
4100857
4088373
377830
4248429
4108680
4172822
4057826
440320
46269816
4101747
46269831
4143214
36716654
4055640
434256
19133204
380097
4108215
36714559
193787
37399017
436040
4110056
4138962
436110
443465
40479572
4221399
192240
45768812
36716700
4154415
436659
4248955
43531622
4344493
44782781
4163865
4006994
440583
441172
443509
4047563
377566
138027
4328217
35622934
4169592
4296611
4195231
4294973
318773
46270410
46271915
46270406
196149
44784251
4341763
314965
432656
4258295
40481089
193512
198446
4289830
4222896
441051
40232612
40234552
439672
381952
192279
437214
440323
443247
37016349
376979
4225656
4221495
432452
46273178
23988
439298
80488
764123
4204555
440460
4149913
4344161
439216
4144111
19023422
3000593
380096
4174977
436039
316280
201730
433135
46273369
2617332
373766
133810
438172
4190891
4131908
4226798
44784364
4147491
436664
42535403
253790
40228843
436607
43020910
43530687
4101104
4177387
1387632
43530666
444196
444198
375404
436678
40478938
3009596
4099214
19073815
258866
4195694
443730
1792515
378726
46269751
46269753
46269756
37016108
37016107
46273461
4269764
30437
4110189
40481816
196523
44782821
4101286
372654
443599
443609
45769876
437045
321822
441258
37312524
42799215
4147683
4317816
37312529
438648
376973
4083100
192674
4055901
200687
443731
4230221
433029
19026804
19133859
19133905
19026560
19133873
440396
46273592
40487616
3034780
312437
437189
19008521
42872398
46270027
46274035
4025165
195587
441768
4180771
40482301
4055369
440022
196726
201352
19131621
4177197
437663
440637
43530646
43530637
435315
40243855
4191650
4312059
437528
439253
4152858
376065
377821
46269875
4098611
45767042
36714116
261883
2514534
46270162
46270163
44507566
436398
4009303
201530
4224254
4228443
37018348
37018353
45769207
4133017
4132082
19027885
36212863
435983
40486629
438567
4140466
916462
19096275
19077950
43531616
438391
375475
40238886
42707880
40479575
4143351
440977
46270367
441026
4093002
4060296
4063038
439673
439675
3007164
4196147
3017569
3020716
45890622
42873170
2617467
19076131
948694
22340
4109883
4112183
4110948
440066
4141481
437504
4307774
46270491
46273463
4314247
321314
443211
45763584
4227210
43530685
437390
4058841
43531768
43530744
4037495
37205080
19131007
81931
4081250
40491960
45757767
201905
432545
4280828
36714927
435459
141498
433823
436621
440328
440647
435604
440029
193174
43530656
438021
4056579
40480160
45757320
45767037
4228112
42800473
46269886
46269876
46269881
46269890
46273631
40481354
377822
313223
4034227
905365
45766970
443541
36716848
194679
37016358
194856
198683
196625
200031
312337
4220631
19130403
1728942
441541
40493415
2617205
2617376
915611
437727
4340948
4338023
134144
140506
37018952
4099651
40227428
78073
434872
4200532
43021985
43530910
437920
440276
440938
443535
443596
4020111
4143698
4321384
40481774
40482261
42538804
43530819
134569
436020
436038
440952
4145763
4176170
4190298
4231983
4309924
43021258
4343935
4214984
436333
45757468
4110915
198307
4102492
442793
4220313
4218017
4198296
40224604
4325344
254058
260125
528294
45766966
193693
196029
78832
139110
141104
433486
199856
433773
40242221
4048279
36717004
437986
254761
313236
37016176
73231
4026136
44784631
4263312
4101283
4085586
320128
4167493
192680
321074
4118910
4311246
4024127
4200256
254066
254677
260430
261324
436145
440431
4310964
256723
258785
259852
259992
260754
443410
36676238
252351
255848
257315
258180
36714118
40482061
193355
436093
764098
37016338
37016343
19131656
312940
4256228
4317960
4148486
45773064
4275257
376793
36715479
254068
2617345
4176683
42536547
4340375
381783
4134162
4340964
3038601
443455
40239188
192855
4331508
46270037
42901885
432961
4027729
4201174
380632
42899470
376026
46274082
4261072
378839
4110192
45767658
254061
254390
45766974
45757298
45766973
257011
314667
4170972
40232618
4063581
42537304
436339
438285
19121494
37018854
439256
439246
432554
436672
4196141
36220816
196895
437385
4327889
2617223
2617208
2617207
437442
19055137
3041232
43533841
40769146
37205060
37205092
37018688
37109056
46269907
4098622
432436
36214288
948727
975861
46269900
37116441
314383
4143969
312653
40165345
3013721
3015546
197924
435224
955372
4341231
433749
435076
4133018
4132083
4097389
4272033
36220749
198678
43020938
37395590
438945
434819
4331953
436096
373203
380714
4025198
3005755
3006923
3009172
443767
46270529
45769832
4111414
434616
443703
35610112
257907
37398951
321042
4309332
193863
4182711
3005770
3016662
3017250
3051825
3016723
316139
439846
4222415
4225055
3008037
3005491
3018405
3023640
40171690
19058738
19125848
40167964
438681
4340380
3046279
3007220
3005785
4046500
42873596
4253306
438701
45770837
4035437
46270466
46270467
46270426
46270465
46270468
46270413
46270464
377091
2795843
2795844
2795846
435220
1309204
442582
4151635
37116369
259848
45770919
199867
3040373
440303
42873851
197320
374021
443802
438037
440919
529686
596894
193431
432860
40491439
72576
193722
4111023
4113129
4114221
4269053
196758
4112851
4115942
380378
4055361
40483317
36716978
4140438
46271074
46273719
45768450
77340
4285746
40486631
40489909
40491961
40493039
132797
133594
40486059
40489908
40493038
40487059
40487064
40489912
197490
19132282
372328
4077428
4143024
4170137
380731
43531611
435371
261495
374267
81496
374270
432236
4003404
134851
434557
441775
4153291
4171691
253796
762337
762338
40479583
4302027
435796
440010
438398
4047784
3007070
3027114
3028288
3009966
3015232
3023884
433407
443600
254320
4197819
4267417
40481857
136497
253797
441267
137322
4253210
3048264
19080458
4291019
4300305
4269485
256622
4211001
4231580
45757336
4264073
4067766
31317
4214376
443391
198124
373995
4184438
4199769
4263258
4333000
4281109
318712
443729
257582
4187218
46274046
380533
4252885
42872891
966282
3019652
4241530
439727
4345578
318247
4067774
432588
43020424
45768449
40481896
433027
44784621
443447
35615135
314432
4170620
4043731
4145335
4269209
4345577
436070
436483
19126752
381537
434613
442077
4221077
4039212
3000483
3022548
3034962
438480
4042728
19077653
3015544
4311629
3004501
3037110
372599
442294
40483761
2000802
2000803
2003406
2003450
2003464
4029416
45769863
46270989
2003405
2003407
2003463
2003465
4305185
46273707
4232181
4195785
435788
4078700
260123
197329
4195085
19073408
36717601
443611
443612
443597
443601
443614
46271022
313792
197988
4306292
200219
4182562
433208
3011904
3026729
141941
136198
198520
4102334
138519
4052226
4108943
4265479
37017431
37017432
201622
4154290
4232697
45768480
313217
4141360
4232691
442752
261326
81902
372547
434866
4195014
4311555
4341520
45763749
4044215
4133224
4303805
4283942
438167
375292
19020594
3002400
4146209
434614
3000185
3021044
528325
501343
4340379
4055370
255304
4249735
435783
439004
441828
4008566
2617355
4029319
373404
4004785
4104431
19011661
375519
433753
4005284
45757093
37208405
435140
435243
4166129
948888
2618100
37016179
45757435
37016180
45770881
909647
381028
375281
444264
4207615
44782762
4149782
762443
44782754
44782759
44782760
46273489
4152852
44784217
138455
4147466
4211231
3023548
3033811
4096682
2779047
2778816
2779051
2786879
317109
4055610
4056580
4111552
194417
437833
4163708
135766
317510
4121123
435515
4048926
4054876
4059119
4171917
4095279
4244418
4322528
433701
443522
4169095
438778
192359
134057
4145240
40222942
439254
442306
79072
4027384
4176946
193262
195867
197605
4101918
37018293
4181187
4189294
4329445
4013643
43530742
444197
42873157
40483560
40226817
40226826
194696
4340799
4000167
4341633
436670
4062791
46270145
314666
4270024
4296653
45766114
45766241
4154704
43020460
312327
4108677
4329847
4174044
3009609
3021447
3031147
3014094
3015632
3021513
3027946
3003932
3007696
194990
4190307
196162
40483613
1326115
37110728
4310400
4117866
440448
439795
437515
4029735
4147614
4061074
19006410
3014399
4198042
19122186
439013
436681
40175294
37016768
37016767
40765204
4050884
4049971
3015049
19060985
4126119
313800
4322024
4121462
4045227
440638
321887
26711
25297
195596
199074
434272
443462
4059585
197044
4307981
194710
196751
3016115
440083
40221999
3000637
3022192
36218442
989898
3006889
4164770
375801
193782
436885
439396
4228469
434252
438039
4174096
40221956
43559969
315282
4175807
4222174
435829
4040820
257004
4096616
374748
4016540
19074464
437872
440387
440996
434327
435231
4052690
4266499
433195
4182210
374888
320073
439149
35624757
432297
377874
435367
40488812
4115271
4226238
435517
436015
3011793
3026156
435927
438491
442333
444114
4150970
440795
2004747
435510
201635
197606
198197
201909
433740
138056
4177944
200447
4031109
4031756
4033300
4098922
4031111
4031113
46269835
4103295
4129364
440032
320746
321319
200527
4264636
4233224
314659
435696
444234
4055511
432975
46269931
43530710
434474
377283
37396146
3022813
434314
439416
3004955
3041276
432867
438720
439674
197494
198483
197795
320136
436658
256439
443558
257007
4280726
40481374
1301154
1301157
1301159
1301158
1301197
19065600
1301156
1301241
3013682
3015608
3011965
3004295
4334791
3004789
4193176
4024306
1836948
373182
3036887
1338512
19051649
194702
19075397
201254
201820
4029423
4058243
45757124
443412
4008576
4024659
43531007
197654
443551
316126
259153
762296
762297
73819
76388
379031
762294
765131
4024561
138525
312998
762289
4009890
433515
4113020
45757504
434610
4245409
4137770
377788
435785
436090
438418
4044931
4102297
432879
438338
312343
261600
3017085
35624825
36675684
194421
433527
194420
197033
200461
199881
4168681
4280657
23034
24609
4073921
4027120
318443
4020582
4308713
4344387
319047
4326828
43530876
436470
437590
4020304
4049458
40482444
4253962
4181199
4302954
36717640
432870
43530688
40480938
381591
434056
40480002
40481842
372906
377290
316501
4027369
196325
433316
2008071
255919
46269862
4150681
4057953
439128
36675035
4108356
4110190
45772786
437584
199879
201344
4172646
4069652
22281
4006101
434300
35622958
374905
4331287
435524
3008575
378142
200528
4223303
46269880
140947
376422
378352
374036
379019
4343221
376707
377559
379816
380038
381568
139900
4014199
138501
4065355
443739
378419
132344
36212698
45763750
80502
4004623
312934
40479625
40483538
315558
321882
195834
40484541
40484551
198677
440360
3010454
3035283
443797
374367
377889
433495
374053
43021779
43021778
1300153
3031103
19049684
19079300
3005456
3016038
3023103
440985
1397141
1397152
40161160
440307
433919
375527
437779
3048603
4180167
372892
440653
434486
1133231
1133262
40225989
40225993
43532944
42898499
42898503
4012113
4211974
45757142
37117095
37018878
197378
193326
375800
40482267
4173408
78508
42537043
43531561
43531560
904895
19123192
436238
904896
1503297
79908
441851
43022062
201340
136566
2006539
2006533
253910
1314924
437827
4134862
381839
1714171
1714165
1797155
200003
4188441
321886
438171
4138287
4214076
4034233
2004746
372605
37018350
19130420
46269885
376419
313459
4111921
46270418
46270425
46270416
46270420
439278
4059297
437894
315085
4121803
4057246
4243445
4124683
4050079
4008710
440383
4195585
4322945
441875
4181152
441564
40244151
732893
75652
375239
4082311
78236
37116845
45771045
45769438
46270347
4020464
437222
255891
4344158
257628
257778
200455
4242238
42535425
45757247
194109
200789
201642
443929
4274491
4320635
4201120
201366
4226021
45757241
441799
138690
4057662
4267582
3015884
135496
138708
37116834
75036
79904
80183
4197477
73840
78505
80802
4035441
4079749
4079750
77631
80180
4197476
438555
2002868
377802
4150511
377575
4339489
45763549
35624320
40487146
438114
19008339
19008523
4228686
4146088
137829
4035436
439215
4050964
4106172
40488813
40485984
40492697
4182419
40487453
40487455
40487456
4043371
19131097
4035610
4159739
4196020
40490497
4153359
4197765
37108588
40483262
4009329
4035426
4205509
4286642
4291025
42872407
435839
19070343
4203927
19009540
19122814
36223728
19122821
4006963
1378382
19112933
4266525
4324261
4064725
40164821
4068622
46269823
46269824
76472
192367
40482030
194412
4161430
4119460
4245975
4331292
443239
1387104
46269887
46269877
46269882
46269891
138718
376210
378840
200200
1315411
3004254
4058694
319038
4340390
40480603
443587
317585
433222
4215117
436585
372828
77234
198797
43018095
2780875
4064161
432551
4188331
4045976
43530606
923720
923721
440530
4004279
192815
4034100
200762
719416
4263710
4139063
4308861
4207958
4233811
718583
718669
718670
19019308
40173405
4209423
718758
718757
19019306
19019307
4146517
434413
4146775
4273391
4056346
255348
320116
4138837
4217075
432795
4051432
4053124
4053128
4053149
4086221
4106504
4108759
4108762
4116926
4150471
4150489
4153134
4156803
4271033
4320025
44783882
4056293
4086219
4106499
4114604
4116594
4116928
4154473
4156791
4318111
4320024
36715610
434512
4050389
4051298
4051439
4053151
4056290
4056430
4086220
4108760
4150466
4150485
4153138
4156806
4174885
4319151
375807
4224741
4104563
42537214
37016342
140673
133685
45757107
4181313
4178910
4180770
46273449
4326356
201214
4307925
140168
4100184
440508
24897
28109
75210
81247
138996
139766
200970
434883
444411
4093960
4243120
4243266
4244639
78110
133726
134308
192577
193162
196064
200974
433435
444410
75512
81250
133725
194611
195513
373732
438386
4241908
4241919
4243874
1363387
433957
4027461
373503
374384
40172153
4077584
44782778
3005013
3013603
3045331
4305376
197303
443525
40480946
40482266
19075398
432612
436682
40277917
432898
438733
4299505
440392
4067775
46270399
46270403
46270478
46273597
4186577
4055902
4059121
4142037
4168230
75650
36712846
4056481
36712845
376690
4059290
441264
312938
432821
137207
19112611
40239011
3013770
1636818
19096659
1636780
1636817
19082707
40233894
40243196
3016049
1318011
19007333
3017115
1305124
44506734
1305058
1305085
19007332
19129501
4247597
2001007
2001005
2001022
4243427
441829
2003104
4196919
439002
4151937
443782
43531003
4152351
948637
312723
140435
40434290
46274126
45757231
45757234
45772090
133228
46269865
19010129
19044727
435781
19019630
4002836
255573
4108805
440736
193402
40482727
138965
19069042
441408
22666
440785
4266809
4143700
3009682
3017275
78234
77074
4102351
439777
444289
4003185
4190771
35624756
4021911
4099508
4099889
4209094
45757092
136949
435789
444238
4003186
4187355
3009010
36712695
4299815
994058
198803
433131
436430
3028339
138682
440329
4205455
437489
30968
372627
377556
714819
714851
40163915
714850
40163909
40163911
40163917
40224145
719380
40163907
40163913
4111714
4304798
4059416
4096804
192819
4318411
4005616
45766216
441553
194403
40224614
40241900
40223588
432302
436389
36213702
432303
4101256
523204
201620
4171381
438064
4169915
45757414
195603
4113650
1315942
43018387
321318
1310149
769936
1152738
19068929
19070012
19132259
19133626
40237527
40237529
3000285
1152772
19079626
40238246
40243494
3003181
3019550
3048220
19078126
19135620
40223757
40238240
40238254
1329241
380118
1310317
37111520
440072
321052
4244662
3024821
4105020
4301699
4071589
435262
435809
437541
4109420
436972
437273
441284
437542
4078543
438411
996625
3037684
4098479
439794
36243826
42800072
1344243
1343916
1344242
19076899
40490328
4170421
40492267
40492266
4043382
4044745
192671
381290
3022338
195079
197672
443524
35606631
373769
4223363
375545
2000591
436976
193688
40169324
40169960
40169993
40170053
1110410
40169314
40169908
40169985
40169304
40169306
40169924
40169929
40169988
40170056
140352
135762
40481524
40241958
432851
19092377
3008377
434219
442010
443560
4221182
435987
441202
196456
3016724
4300203
74399
19114106
19114506
4284490
4259278
4270181
993770
19093848
3001420
993732
438725
4029273
993631
19066370
4173963
140648
432373
192854
195769
195770
199764
380111
40481919
4043378
40480066
19019122
4247842
46270365
4059584
3005335
319825
4062569
4146482
4120401
4102493
2616263
2616264
4176892
137977
435656
440847
435514
4050620
439893
4134120
375525
4150300
132617
444022
4262580
435775
4070569
4143187
45757682
434063
4243363
4320803
4216083
4236312
193240
196152
4009644
4070533
42799739
46269952
316427
438168
196433
432933
4332246
4167069
19087090
432838
4101870
19076414
198809
442750
444367
929549
19018782
36217022
24602
197237
252946
432869
46269818
4090039
40234391
42799649
4311280
1507835
4207539
4121617
432595
4210746
4047607
19112840
438112
432582
201690
44782470
4176135
19044525
19044610
40230321
19044522
19044609
201891
4237140
4181477
3023465
1836191
40173401
1537684
990242
42799785
43012797
3004944
989878
36221099
40162460
43526851
1707687
3005715
3018920
440710
196620
314658
19135508
19076133
19076134
373756
374338
377555
4160276
4024296
1307310
254062
4233306
2003935
381035
434559
201614
192956
443785
4119780
4316228
4311484
4163710
37395736
37395738
37397427
37397429
37399393
138790
37397428
45768754
132943
37395737
37397422
45768755
4046338
312902
381296
1552383
19127047
19061860
19067291
1552310
1552350
1552382
3027144
4240913
43013791
19099672
2752722
2751709
19129191
1336825
438460
434674
439060
435567
201061
2003467
318450
1350504
1350506
4009926
197253
316437
81426
133834
440417
40479606
44782732
4032450
319845
4337373
19106973
4055604
42900359
4114356
192667
1151424
440700
432899
4043738
4215489
200765
40173287
1522957
40173295
2003149
979096
42707549
79833
77079
436785
192963
441787
4038839
4119774
75004
78472
4085877
37016367
45757736
37018354
374907
75860
432668
37117206
199726
374350
438827
1757803
19101620
381859
4026125
375266
378429
3017809
3018650
3025817
3008152
3027273
376114
377552
4215961
4252356
4290822
35626038
45763583
35626039
378743
4255401
4266637
35626042
35626044
437828
19058572
3006906
4096201
19058574
19074641
3034244
3043147
3029197
19077461
19007300
36224800
955632
955663
375428
4056462
252365
24134
253482
42902244
4308716
438670
138994
136950
193518
4299644
46272242
4002808
73001
4001627
4001124
4001126
4001628
4002809
4216406
4344276
4247802
442765
433886
437834
4218100
4196636
46269844
4307885
136934
4237824
4146087
199064
4150302
375415
74130
79119
37016114
4177862
46271075
37395564
4294246
45772094
19057842
200843
438688
46269841
46273478
375806
433778
199065
43022069
137212
19130393
1728609
4101899
141651
3006501
40482937
43020475
43020474
43020476
4067987
4199437
137520
132579
133444
133737
435463
4297887
951470
951469
951530
30753
437543
43530718
43530719
192606
4186461
372604
4305841
320425
196469
193242
380413
4280942
46270479
22955
1387513
19077513
19111620
1387452
19020400
19067044
19127266
439080
442324
441259
4119134
4101602
4247776
4060295
4288310
30133
24970
135473
134596
132853
4079282
132572
134603
443719
433446
4263360
381862
4329707
378157
4177206
133713
4089860
4151263
4244051
133419
434590
4149851
141232
4095589
4095592
4153890
4244488
379832
374366
436421
4110815
78257
4306923
4059452
376382
46270382
378253
46270383
374342
43530648
433991
4025677
195856
4055341
4094683
3027476
19075376
4028253
4153380
45768908
4001666
4033891
432585
77670
4168213
1134769
1134770
195559
197236
4064048
443784
4134603
4299440
4093223
436940
196715
19127563
321320
4246127
4124693
194992
1134771
40168532
1126747
132850
140666
4317977
40242344
197381
252348
36715574
140362
4108814
441593
4234480
4215402
4263879
435242
4047635
381301
436072
436665
4220618
4310821
443538
1760616
42708086
140057
3034959
201337
4340497
433173
195314
4058840
30683
26942
197239
441818
435511
194993
194265
439007
438941
19073873
36214291
19073874
444101
375221
437523
441838
45757559
4084966
314379
316135
318448
320744
133729
950497
198092
201231
378081
436043
438691
440044
4003029
4003684
4033318
4091490
4092358
4095748
22839
140955
196051
197803
438090
4003693
4089777
4094872
4095018
25748
79740
80665
133711
133974
192261
197506
198082
199747
432558
444224
4002343
4002498
4091486
4092235
4092515
4095168
4334322
4244369
4242962
4099746
4339092
4031164
36712860
19080764
36213615
4056780
195598
4002497
4137687
373487
40321716
75344
44783205
201823
319041
4144389
1306839
72618
30679
72578
74606
140357
194598
198401
198402
200675
201527
201529
373160
373982
379769
433981
438997
440973
442129
442140
442141
4093950
4096519
4099495
4116233
4239873
4313365
4314207
4316619
4317822
4317827
27835
195793
197518
199767
201817
372272
373166
438116
444463
4001665
4002341
4094114
4094118
4099492
4239729
4241026
4314634
4315940
4317409
4317685
40479707
22274
27516
30061
79765
132277
135777
193437
193439
196365
374313
440668
442147
442167
4131761
4239897
4313379
4313657
4314637
4315953
4316995
4317020
4317548
4317826
4329511
40492458
436403
199837
319034
378735
443615
43530652
381549
433763
762725
318736
372886
376394
443616
4175786
132736
4142899
80182
192275
40489826
141933
19102510
4273095
3014791
74719
135893
137345
137945
200485
4181965
4294393
44782446
46269754
46269757
46271902
46273829
132393
134441
318784
439411
443358
443593
4132314
4179675
40483171
44782447
46269750
46269752
46270564
25844
26441
135340
197304
439410
4025937
4025938
4198381
4324315
44783163
44783165
46269755
4296728
1337620
19023529
19023530
42709184
42902236
42709180
42902239
40221913
40221968
40221901
40221904
40221966
381860
443768
434000
4279681
1389036
36715575
4254542
135923
4102985
46269847
1738542
40171393
19021041
19076755
1738521
19021042
19129143
42708389
46273183
4068613
434895
2786880
19024728
3003985
373764
916499
4141454
4323418
4239471
4263748
4098302
133861
4127128
19061483
4101305
135208
45772085
377570
192273
19066057
36226880
981656
42799331
785649
4152487
4145939
201826
4063043
4193704
42538169
43531010
443733
436675
4264693
437847
437540
321588
140821
4002818
134681
441067
19132301
762437
37109306
37109307
4002359
40492482
4338759
19102225
19133517
4340386
440374
439003
439776
439780
439857
434007
432873
437256
4098015
4120610
965713
36213363
964979
4029573
196061
19128042
133794
138176
45757207
199718
200169
4194652
4146239
4277280
1436678
1436683
19019851
4220238
194684
201606
46269878
46269888
195585
46269874
46269883
195575
46269879
46269884
46269889
46274073
4029188
43530714
4058977
40481749
380839
4112521
255841
256451
257905
260139
4110023
438946
19018909
723042
19076372
19131445
723013
723020
40168239
4168217
381270
4126278
258981
434584
375479
312846
440112
4172432
4033848
4210998
198313
4300442
432493
4031003
4242593
40481101
4263576
24818
382034
201675
4159157
45757230
45757285
321107
3027653
4154930
4125650
4201745
200524
19074492
19035631
19035666
19074493
4145159
379802
443736
1136487
192676
196165
79890
4089879
4103749
4193620
379812
40175289
961460
19003455
948491
961145
929153
374954
377573
373179
964299
1717240
19056402
35605744
381020
46269921
37016171
4100425
377845
4308393
4053320
4063919
318222
4061728
4063918
4066373
4248100
45757754
3009927
193306
4116241
40239181
439147
4229448
437306
372891
437267
4305482
4113451
433735
441545
4273632
3024865
1344354
193434
4201565
433031
377252
380975
24612
28127
199775
45757783
45771090
437113
3035569
193522
194997
200445
4137583
4195917
43531604
4165868
4134317
4221998
4260364
73872
74472
4308096
4215933
4327939
433811
443771
4112359
132702
201894
4076794
4123293
4111917
4297491
141371
4167085
432637
4053592
434462
443800
4230947
4312727
376225
378001
380844
372448
375671
381966
4019263
443876
437082
4285717
197377
4001171
80813
140708
40481901
4179913
380701
434281
19079893
19073219
1717327
40243202
43560451
1154660
4169568
4238808
434920
380428
1103314
1101556
1101554
378774
44782549
4289309
3003562
40175460
1311078
194410
4096185
433968
440840
29735
80951
260041
28974
19124477
3024666
4078688
4120302
75311
4339214
3008598
3016991
81286
37312673
140681
381292
1367268
433931
434223
434842
436581
437160
437760
438028
438664
439233
442023
442767
442794
443576
4159524
433083
433370
436875
436880
437183
439643
441191
441198
442149
442786
443282
443915
4159691
4312049
4335394
433080
433938
435418
437158
438669
439219
439971
443283
4157670
4102979
77115
77702
4009749
434592
40481522
76491
76771
1133230
1133201
40173407
40173411
1133229
40173409
43559947
133956
19066163
36712949
381570
374044
4207307
1119510
436098
436076
36716852
923541
923776
36226664
19012565
19112755
19012591
19112758
1311799
374035
374643
374939
375265
380728
4338871
4160059
44806251
40221404
40171410
40171404
135214
1344905
433536
439393
440140
440078
441834
433992
4110484
4114353
438020
434204
201388
4291649
313761
4334246
4334248
4339010
4339013
376115
4111709
1836434
1836449
1836433
1332494
1332495
374640
45757695
378414
4055484
4338896
4338897
46273180
46273990
4309528
4313328
4009506
1714319
1714351
19019240
4143460
1727443
40226646
40226551
192353
40481757
376337
315286
319844
193157
199760
434302
440351
442157
442163
136928
314600
315202
438373
442158
442162
4038842
136655
315763
321522
375552
376121
375549
2000475
19011331
4027782
4035439
196528
437904
4189235
40480043
45757380
36717114
45757381
437876
197610
4108900
4033802
559532
4000609
75863
432872
4264718
2003445
4245842
2003444
40228974
4119302
382014
40481132
40482655
443563
4092223
1548198
1548199
1548339
1548365
1548999
1549001
19102521
36220915
40169036
1548196
1548197
1548368
1548369
1548803
19057099
1548195
1548363
1548364
1548415
1548416
1548968
19022066
19057100
19076997
19102520
432868
444457
320749
4116447
40171547
40171562
40171550
40171553
40171556
40171559
261325
43530691
437409
19126719
19126718
433783
1343346
4007583
4068969
4166587
4005286
4007584
4079975
4109612
4109796
4173657
4342875
918363
4303970
197151
4130017
4081998
4140301
4178826
28060
4164092
72995
73290
75343
80492
4035425
2006596
74127
76503
440820
4079725
40244464
1523935
35615055
78308
4077577
4228802
440390
4053403
4234997
4219836
433894
4067970
4088051
45766772
45766894
45766895
45766920
45766958
45766959
45772686
45772704
4166901
45766754
45766960
45771401
45772707
45773540
434502
4057580
4058637
4297304
45766820
45766896
45766903
45766907
45771408
138346
4163735
37016193
3026925
3010340
708298
19078925
192675
4280571
19121383
4290320
4102501
315276
259874
317895
4057432
19092849
19092935
377558
378424
380706
2721908
4045733
4344166
36715573
441848
4097560
4144154
443381
4030186
19034726
19096679
19099674
40173865
3021374
40489493
4290976
435228
441266
19137328
19012617
19137327
19137312
3006653
4064028
4066471
4031019
4064029
46269791
4066735
45763824
46270315
3033882
4228429
3000722
134765
1506312
1506426
1506479
1506270
1506314
19129398
1506315
1506430
19080181
45769461
4275423
436684
4304484
4296631
433403
4171569
4248716
374013
4126294
43530680
440787
4132570
432587
40228841
4148231
40480416
40481376
40480514
314665
36712986
36714994
43526510
4151978
379818
4340383
1784749
441534
438406
376984
4344489
36716270
4069651
4069953
252655
1360332
19124745
19125902
19122306
201618
715939
715940
19098166
715962
4329160
4317288
141323
4098475
4170554
4265860
313023
23986
28083
72709
4067054
78830
80484
74444
80494
37019054
436073
436952
372924
4101881
45773181
4098458
4096196
4233565
435253
433758
3017330
141249
133169
4003184
778268
36715604
434181
4053591
196796
19038440
4245646
4108950
438476
378416
19102501
1304107
19022896
195590
4182691
45772128
37117194
45757763
4275880
45757765
1129105
43021812
45757752
1169352
4232324
4149583
4110182
4112813
72418
3025234
43013071
4049417
4216188
73866
75356
133013
133303
134741
138864
196217
198249
201125
378547
436806
4027567
4130372
4184499
4187364
4194856
4314399
4322316
23868
74470
132446
135061
140526
141124
193308
201399
201956
255362
257094
321109
432725
433862
441953
442799
443913
444421
4134614
4145142
4175814
4243365
4337941
23865
74468
81670
132724
193312
194151
195060
195363
198853
200831
200837
201110
256811
314463
316795
372424
373858
374142
375921
380510
435646
436805
439394
4008737
4040385
377888
4161421
4270705
75206
79804
45770895
4106203
4150516
436407
439808
4041800
4246284
4185356
4054992
4056479
4298809
35623051
43016301
4033023
138826
141095
435835
1763339
4001144
1745073
1745072
193814
4143379
443540
4086243
2786189
3016851
743719
743721
19132560
743717
743718
743720
743752
19132562
743670
743753
19079835
19132561
19132563
4288544
4239550
903679
903711
19079779
201824
1309188
1747050
1747459
19018976
19076956
19076958
19080738
19082703
19122215
1746940
19125429
1747426
19076953
19125424
36220252
939506
939509
939832
939510
200349
1395773
256146
436959
435521
4003487
201619
4062070
37395762
79145
4148925
4314093
440982
1237049
1237184
1237231
1237261
1237116
4001664
4092685
4111565
4307956
198695
4099094
4160043
198075
198985
4024763
40491865
438905
40492837
40493327
4266029
198475
4048710
320420
201045
36717183
36715916
36715917
36715918
2617459
318186
45769867
43021237
4001172
1353265
1353578
435787
1353231
313219
316137
434891
436669
437529
4009648
433405
1513103
1513105
4012869
4295956
4298317
4329560
444100
4103853
195588
4194890
4146763
374009
4300092
4203152
4264766
4264889
4159742
193520
4137430
40490403
1103640
141253
4253901
4137468
1717704
1717707
4184338
40239216
40239218
4220074
436676
37016170
4158911
970011
19121752
442553
4266662
435651
45763589
45772099
45773176
443715
45757384
19036426
19133372
40239710
19036366
19133750
19036527
19125845
19132782
19132783
915981
4215809
4094976
436635
437246
1308762
1308796
1308799
1308972
19075953
19075984
40165410
40239953
1308738
1309363
19059330
19075954
1308837
19075955
4073858
45770927
4087151
4033942
4052966
919346
919532
19077579
19077601
45892419
3035510
1594402
19057565
1594375
19077580
3009917
3016254
195498
1395557
133154
760936
133158
1154063
1154064
19077248
19077250
1154030
1154147
19077272
19121195
1154029
1154062
1143374
4180026
45757772
316127
260130
4028252
1360421
196236
4311402
441788
81893
46273477
40482865
46269951
40482241
46269839
4262590
4177365
37117135
381572
4243821
4039744
42901690
36715643
36717341
36717468
36715641
36715642
36715644
36717164
36717165
4221265
4055224
440385
740910
3005893
3022616
42901674
3002551
42901705
4152163
46269863
4115171
4117695
4134577
4150125
4204199
4237198
4308696
42539051
42539474
4071874
4082454
4115169
4116811
4147829
4150062
4237315
4329041
4077895
4111231
4115170
4169905
4270932
4330445
40481180
44784644
46273207
321119
36715476
1354118
43530674
373474
4135937
432619
137820
4162115
40484532
4120455
440892
36224712
19028193
4110252
4271140
200355
1103359
443617
437843
439800
316999
4338038
1436651
1436650
37396726
1762711
19061194
1762735
437202
19066084
19076530
19078493
19132244
40174391
200343
438698
441521
4299149
192560
195195
132841
435753
4154632
1526479
1539469
19112569
1526480
201066
201916
75048
4302555
4028474
434626
435232
30678
4099792
19078219
4127089
134668
40167582
378165
794852
75576
4234788
442781
134305
141816
4145825
43531721
19128203
1500211
19011093
4279543
4291454
4294416
4297667
4299417
4313634
4112752
4291143
4299418
437867
4066010
36713112
432881
436348
80045
4283381
40482936
4136209
377659
438250
4094042
903643
19008620
903704
19008619
19099438
36223379
903753
19019860
4002356
4003830
4038838
1126658
193807
4097998
40162344
42902224
4260535
193239
4164898
31967
27674
4169977
43530851
4278669
30978
4287844
4023612
77923
19023235
36214556
950641
950667
950669
44786754
950637
19079712
950662
36219038
4177007
19128174
1178663
1178666
19078522
1178665
81195
4099740
373204
40231916
40231921
40231932
40227590
40231855
40231911
40231925
376938
258564
312622
437544
373470
19061088
1315342
19020099
19074244
4223448
4130851
4098604
195007
441130
4228361
4045749
1135766
40174208
36223312
40175240
4340367
4338893
46273522
374055
4151134
40221776
45757433
4014159
4233424
4169954
201901
4313846
19102552
375256
432895
439297
376400
438749
381295
40482507
376712
4087449
319921
4338227
46270366
192767
4338512
433417
441081
30333
1748921
19082373
40171778
4234083
4044227
4134454
4138403
4321555
436957
40236088
4067313
4249574
197331
137350
4066820
46270371
134438
137626
140487
141648
444272
4066472
4249474
4291277
4292519
135032
442747
443900
444375
4004352
4064032
4066736
46269732
46269733
4260546
195761
437818
198704
316356
436651
434877
436652
440965
4038835
4069653
4117554
4187356
4216427
1307046
4345685
4038602
4090861
4095793
4188613
4279639
36717267
717607
19129664
19129681
198334
433134
19020428
19002273
2757489
2757503
2757475
4227245
1358436
1341927
19132536
42874224
4135083
4023985
435522
374034
373775
381001
201780
4094639
4094638
4341658
317814
4150985
198400
4152370
134898
141825
4030040
73042
73341
74772
74777
75091
75385
77112
77131
77362
77405
78574
80223
80229
80854
80861
81696
133890
137111
197150
252758
379157
432463
433039
433617
434494
434497
434500
434767
435093
435101
435374
435660
435950
436539
436551
436826
436829
436837
437116
437117
437400
437703
437996
438004
438005
438887
440546
440547
440853
440855
441153
441155
441428
441699
441974
441976
443115
443458
4001458
4003191
4003192
4008706
4009439
4009606
4009610
4009754
4010371
4010386
4010763
4011508
4011654
4011656
4012444
4013605
4013612
4014066
4015350
4015356
4015631
4015633
4015988
4015992
4016121
4016122
4050692
4053828
4059173
4066639
4082029
4085893
4085898
4086020
4089512
4117701
4118017
4128914
4129420
4133610
4135735
4137945
4138294
4138299
4138414
4146461
4150497
4150513
4172917
4174011
4174655
4177069
4178915
4179653
4207372
4217219
4244549
4282857
4289914
4296627
4307254
36715598
36715621
36715623
36715624
36715680
36715681
36717169
37116633
40481145
40484013
40490827
40491339
40491988
40492392
45757295
45757296
45757303
45757305
45757306
45757309
45757310
45757325
45757330
45766755
45766764
45766781
45766782
45766823
45766838
45766839
45766889
45766890
45766891
45766897
45766899
45766900
45766915
45766919
45766921
45766946
45767104
45767610
45767654
45767662
45770876
45771403
45771409
45771410
45772065
45772701
46270317
46270329
46273403
2005412
2005492
2005534
4174441
73571
75373
75375
75634
75941
76240
77691
78273
78274
78276
79174
79938
80552
81141
135939
137997
138582
192759
196858
380859
432461
432749
433038
433047
433332
433333
433340
433612
433885
433887
434764
434766
434770
435082
435094
435661
435666
435940
435945
436206
436248
436249
436251
436252
436527
436832
436833
437118
437130
437398
437402
437693
437998
438269
438578
438583
439160
439162
440220
440228
440511
440539
440548
440812
440849
440856
440863
441979
443114
443460
4001334
4003193
4003194
4008220
4008352
4008519
4009299
4009436
4009443
4009748
4009752
4010376
4012298
4012447
4012456
4012584
4013156
4013160
4013161
4013453
4013469
4013596
4013597
4013604
4015486
4015507
4015981
4015987
4048393
4066613
4073923
4083490
4084803
4085550
4117116
4129394
4132427
4134330
4135751
4136566
4136705
4136714
4136721
4138290
4146169
4164959
4167914
4168152
4170313
4175171
4177025
4178395
4178396
4179811
4186433
4194631
4194739
4206872
4207935
4207936
4209550
4211244
4211388
4211657
4212236
4218884
4219823
4222457
4237458
4237920
4264281
4279139
4282532
4300192
4300196
4301733
4302223
4302740
4319889
4320022
4328220
4337263
35626772
36715603
36715622
36715682
36715746
36715747
36715748
37116630
37116634
40483811
40487351
40490826
43021072
44783857
44783858
45757291
45757304
45757329
45757331
45766765
45766775
45766783
45766784
45766785
45766786
45766787
45766815
45766819
45766840
45766898
45766901
45766902
45766911
45766913
45766943
45766944
45766945
45766947
45766950
45767635
45770877
45771398
45771411
45772703
45772708
46270333
2005312
2005313
2005417
2005476
2005520
4159841
4167090
4195117
4211987
4240016
4276183
43531089
73036
73574
73609
73888
74185
74192
74763
74768
75095
76838
77124
77129
78579
79167
79172
80232
80241
81707
136834
378265
433046
433329
433618
434176
434183
434493
434762
435381
435944
435956
436247
436250
436544
436839
437121
437123
437396
437690
438879
438882
439384
440238
440545
440825
440851
440864
441154
441421
441423
441973
441980
443428
443552
4001335
4003840
4003841
4007916
4008354
4008520
4009445
4009457
4009617
4009902
4010378
4010385
4011012
4012455
4012580
4012588
4013155
4013461
4013470
4015352
4015365
4015506
4015628
4015630
4015656
4015991
4016109
4016130
4016131
4032935
4053654
4070301
4083820
4085248
4129393
4133194
4134322
4134325
4134331
4134334
4134337
4135744
4135745
4135749
4136700
4136702
4136706
4136842
4138412
4144316
4159165
4160571
4174010
4175616
4184754
4186548
4189553
4199441
4202682
4205584
4219822
4230454
4276036
4282753
4311941
4320634
4324690
35624169
36715597
36715599
36715600
36715602
36715617
36715618
36715625
36715679
36715749
36717462
37116631
37116632
40305987
40479208
40482293
40483848
40490828
40493210
44782516
44782594
44783856
44783972
45757307
45757308
45757332
45763685
45766722
45766766
45766837
45766842
45766905
45766908
45766912
45766922
45766939
45766941
45766942
45766951
45767135
45767664
45771405
45771407
45772672
2005297
2005301
2005416
2005419
2005440
2005479
2005480
4002375
4182594
4193559
4237657
35624213
78193
19127489
379027
4150042
19016749
317248
40236712
4178809
43530881
4252872
441246
373479
73754
40483172
4247822
380640
36716521
4129155
135526
372646
377291
4048809
2748259
2746543
2750879
2746748
2748260
45757785
45772671
438367
194913
434633
75580
46269842
46269843
442179
4136809
138502
4227153
138713
4098145
194686
4062552
200775
45757415
436054
31057
1703687
1703743
1703689
19018786
1703691
1703742
36217186
432580
193519
437854
4227449
4346975
730729
42707354
19045071
43012671
909841
4024013
4170723
4100475
36715576
435508
4028479
40223042
4013449
37119157
1397599
2788638
377271
194306
257513
432271
443565
198100
37018338
40481907
45767695
193155
437238
4056478
1156130
4273526
19004991
3033526
3037556
198221
1836953
19019852
4004146
438730
438452
440738
4111861
4310665
432257
4049659
440035
4090100
77310
437784
702774
42708170
40164891
42708166
136960
4335174
321596
261393
4117883
258375
3011960
3010084
1350066
4214610
19072321
19072325
19057064
378439
1341149
19082374
19125747
1341176
19079716
441793
374317
443081
201612
4290062
4003021
374025
435225
4177651
4134595
4095693
138388
1124957
43525754
40480435
375528
40480944
1799141
1799152
40241046
1799139
19127259
4002494
4110937
45766207
4326255
74728
4044708
198571
4021397
72245
194288
438066
24909
442190
443262
74080
904351
36216863
4280580
2757640
2754378
4009187
1388799
19019079
1388796
1388800
440940
19018013
46270471
46270475
46273638
46273639
46270470
46270472
46273641
4006107
380747
193528
438959
134324
1322184
19075601
2726168
435516
432833
4034970
40224169
40224175
40236648
3019839
4100152
4239656
439142
1789521
4001315
19059823
19095164
19095250
19135161
40242473
42901643
19095165
19108285
19126425
19131348
19131640
40168717
42799410
43526056
3027361
19057624
19075302
19125401
40163055
40167040
40167992
40169625
256449
40483342
1727254
1727223
19102222
442588
40162184
19077884
75920
1118091
19029024
19029025
1118084
1118115
380702
42899453
975125
975168
975170
975192
975702
19026511
19078283
19078284
19078313
19078314
19078342
42800092
975171
975193
19008572
19020429
36218387
36218398
975169
975505
19002274
19078344
797632
19075394
797617
19023636
19075393
4119786
939902
939903
939909
36212250
940060
940093
40228989
1326901
4204062
377298
985331
993263
440691
440704
435138
44507848
261687
261599
19078097
1154350
1154535
19131109
1154343
1154536
1154617
1154349
1154380
19123989
433741
42801287
1314865
196463
257293
4122221
42873638
313007
4214530
72404
37018875
4056343
436062
28396
316428
19079138
19079137
377564
4060036
373463
4290881
19005046
201341
2003462
4031970
198464
36226180
976780
4137754
19059414
40242539
1310353
1304919
434824
4067872
4069935
37017436
46273238
46273239
4286497
4066382
192239
4173311
376686
380394
381551
4174262
40221631
40487528
40236691
443726
443721
3010625
376965
374341
1545997
1545958
1545959
1545996
19123592
260131
192979
314962
4195892
194393
138117
200338
438244
19015726
19123202
197925
196431
19127913
19077056
19077058
437836
37111388
438961
137792
4058821
19054996
40164715
40164707
924142
43532423
712615
712620
712642
712621
712643
19127937
19129297
40175962
443327
4142110
4143116
4141809
37016334
3007854
4308404
4142087
1547510
1547504
19079465
4231770
437093
4057087
4178874
36676687
43530727
373202
374931
377563
376119
380402
4110961
978239
372925
45757239
4003188
434008
4066824
4057743
3002278
201792
80497
19073899
1377163
1377141
4245406
1707313
1707343
1707346
1707472
36218698
1707164
19114231
19011786
19078922
19080187
320299
4173974
42903460
4098292
133803
4025325
45763774
37117999
198085
19048698
19126059
4096625
45771019
4342995
40403168
28779
372903
75614
40172166
40174061
40176755
40171518
40171520
40171522
40171524
40171526
40172191
40174046
40238670
40238672
40172175
40174052
381867
4110130
42900250
42900252
1776684
19074940
253954
4134552
1315027
19129296
722071
722031
722067
722070
722069
378135
137813
440369
380375
1518490
19076136
1518261
1518254
1518258
1518259
1518292
1518293
19076135
40160930
19074722
789612
789580
789581
19074721
940005
940004
1351779
1351781
435853
192681
4309304
1154332
42707985
40241536
4051956
443361
914335
40243447
40243340
4208719
377604
197034
943117
19010482
19010551
19010590
19010484
19010559
19082899
258684
192953
4111711
1702560
1702559
31821
4053831
4102183
439190
261738
432810
372930
379817
433716
36717471
3006262
3044254
3044938
3012158
3025634
3038288
3041623
3042194
3042596
3025023
3038297
40765161
19000500
315069
739207
739138
40165282
739209
19079497
4035467
40481178
80946
134865
1307863
441321
4116150
4083556
4114439
4116151
4116440
4116441
4117687
37108591
80809
4035611
4115161
22288
4113837
443795
435474
439746
4279913
762441
37109310
133424
4302754
317376
321683
4164151
200215
3050758
36716726
4071059
432791
4092994
78473
3020211
4136722
1326303
1326349
19018935
19018937
19045317
3011335
438252
4111710
44785094
4049797
1112807
1113614
19046742
19059056
1112892
1113346
19073712
196055
315481
4157454
435840
2776753
2776754
2791790
2773685
2791788
2773682
2774517
2776959
2791789
76725
37018928
72413
140641
42800186
42707526
42707635
42800184
927970
42800173
759930
4001670
759931
140966
42902110
42902114
40239551
75345
4115355
75043
78833
19124372
257583
1703063
40166691
1703065
79936
374923
440735
45757367
45770921
19078612
42897965
380395
45763828
902740
902741
902806
43526514
902722
967569
3004090
3035509
4246290
4290978
4318718
74064
791967
792000
19019113
19019114
19019112
1750297
36225720
438979
1125392
19020053
19072159
19125056
40162514
40162515
40162522
40162552
40162563
40162566
40163813
40242522
1125357
1125393
1126750
1126872
1127433
19072205
19123143
19133768
40162593
40162603
40162618
1125315
1125320
1125358
1125360
1126911
19072176
19072237
40162465
40162511
40162606
40163814
1115008
1115066
1115067
19019272
19019273
40240377
19019271
19122492
4098597
260841
4108952
4111720
432923
4148906
141411
4053830
4154168
4096314
4151207
4053835
43531681
45766121
45773220
1156380
1156381
36227167
134718
4133599
36225606
434311
907071
40762102
906921
906973
440999
734275
734304
734302
734708
734303
734711
19019589
19019590
19126251
317576
37312532
139902
78200
30356
42874135
1308290
1510813
432590
436956
4064036
4066819
40239056
139753
73012
313226
198088
198374
4303233
376971
40162321
40162335
40162359
40162346
40162311
40162315
40162333
40162401
381014
313504
200052
4226266
443464
4182983
4031766
36216483
4117881
435205
440953
4097284
4213731
192568
197327
193249
42708510
42708512
437496
46270513
254591
4285898
440990
443344
4196401
42902168
42902231
1595992
40238625
43532543
965748
965777
19079493
4253627
4224517
444199
76790
4289526
19019309
19019310
19019333
1318853
19019331
19019332
438123
373432
376989
133438
3023709
44806773
81336
19003953
438059
45757117
441536
1106776
19112761
1717708
40229045
433423
4242816
440207
374948
381009
4108235
441800
77517
4217211
4210912
436086
442600
45765493
4046123
1711761
1711792
1711759
4162859
132575
140967
376970
4297185
4335883
42800296
42800295
40225978
43532305
4239484
4195720
713196
19077464
755695
755700
755741
19079985
40243919
755739
19077462
19077463
440105
441394
4080146
195300
4091913
432962
138466
195009
435227
1400501
19011852
19073585
19011779
19011853
19012110
19073612
19079896
439787
19011773
19021150
19069200
194406
19074977
1777806
19074978
19095285
19014878
19014880
19014907
19014908
1548966
376107
437221
4086986
192785
40221700
40223102
40221760
40221769
4130027
436485
40177826
40443308
4101287
4053832
4280354
713192
317305
4170770
134304
197332
192683
905518
3007430
2740255
443556
4185529
40185056
4050679
4050680
192763
194209
4056457
4344500
751890
440476
433978
4275889
196733
4028933
40483287
4119189
4306044
141932
4109045
44818489
40160952
40160970
40160973
1301025
40160948
40160989
40160991
40160993
40160995
4192647
37311319
4208815
433450
1517991
1517824
19019301
40237543
1517989
19078988
140020
19049937
19049909
4312290
314381
140176
4001632
195464
439763
4198081
40163231
40163210
40163219
40163234
432738
4175440
1309944
44818461
437589
4032727
4033617
23731
40241982
35625873
4308632
1311409
381135
40174561
40174565
40174571
40175050
40175077
40175210
40221417
40174563
40174880
40221419
40221421
1501700
40169766
40169770
40169775
40174567
40174569
40174907
40174972
40175001
40175026
40175174
40182097
74731
441712
1111242
439129
4236484
740275
740281
19023062
19023064
19074691
19102297
3023985
19074697
19102298
740394
3028639
4001328
4316222
4232106
4172835
4339469
4312493
80482
1759455
1759456
197084
372635
439815
1355509
134608
45774751
4132810
1130615
1149196
1790868
72266
198371
200959
320342
434298
4147162
4246451
46273652
78097
136354
199752
434875
439751
442182
4158910
4281027
4312802
4315806
140960
196925
200348
318096
4246450
4314071
19076752
37397431
199075
4195865
4243575
40165757
40165785
2754603
4038846
4152384
254669
1551005
19121518
1550557
1550560
1550776
19095117
19070310
1738579
19108021
4111541
261255
375285
381031
377883
4051334
19087102
19087105
19087108
19019050
19019072
19019073
19078461
19019074
19027494
1177480
19078439
19078440
4121274
4061539
78494
4153106
40176329
433774
432594
4344379
40228154
40228161
195664
4332304
19020853
19079204
19004810
40164497
4066941
4237062
438383
439248
439249
435226
4129392
35604032
76789
81383
4002792
4199407
4260918
19019418
19023551
19130286
42708624
923645
923647
19102189
4068616
138612
435028
4113820
1336539
378423
40163718
40163720
79240
437090
380102
380720
36716659
40162864
40162875
40162871
4031840
19020136
1134439
26935
24660
4110362
23220
4190773
931152
45757744
4112931
443559
1112921
4281030
438122
40226579
40226581
193165
434953
765582
4322951
4147660
4279553
201621
439081
45763822
136368
4210005
440076
4268004
440087
36220588
1149380
904457
904492
904490
904453
19123103
19123105
440382
433455
438105
432621
2734979
2006501
78829
81099
4188413
72988
4242669
2000016
19102471
1716903
19129337
443741
139850
196515
4321833
4284550
434003
193530
198465
194149
440409
36212367
4097283
4241648
40162464
443214
137900
4048485
437461
1750562
19075422
1750500
1750501
4087749
4345355
4345354
4345206
19017581
132835
434881
19054825
4308835
719311
40168436
40168438
133566
380410
313005
968005
19126697
19127005
42801149
967823
19079527
19126627
19127416
40241104
968205
36227315
443414
36224549
40162381
19077241
19077242
953076
953113
19021074
19077220
19130460
201121
374349
73580
4126292
315116
40483183
40482713
442108
4272345
1114220
380117
197932
198810
4160362
1551170
1551192
19130166
1551100
1551123
1551193
42873631
1551099
1551122
19028933
19130170
19133985
1791016
1791050
1790982
200440
78357
441280
4101000
4101584
1711947
4002825
139841
45766087
4195522
46234437
45892847
1351557
40185204
40223893
40223932
907879
36218723
40185215
40223901
40223953
40223970
40223945
40223948
77963
194683
433813
434153
40765040
4254512
4130197
46270436
1332528
1332525
40481299
40185297
134661
19121242
40237312
40237313
4276173
258540
436996
1736971
1736994
19127432
436366
706262
705944
706237
706239
19128335
4241223
1705674
1705676
4087597
438141
37204824
19027500
136937
4032878
139803
1836391
1836392
195599
4206338
40223112
1201620
40223110
195500
75488
436740
4056770
1736829
19102211
194690
79864
4005907
4265749
37109050
140803
1712889
195847
1154197
19023368
1154161
1154195
1395774
444444
439385
4112334
40169269
40169285
40169218
40169232
40169236
40169281
31610
4141028
19137042
42708144
27918
136774
4114600
72991
74124
75620
81937
30515
1774470
193144
76349
4268609
435701
3005050
1513915
1567234
192885
380094
376112
4111099
197917
440988
4247084
4184976
42537251
42537252
1710612
1710617
40486896
196151
1118121
1118120
4082487
1714277
1714278
1714279
3050218
4153362
43013924
46221433
4306640
1713697
19073188
19073189
19115197
19122220
1713332
1713520
1713671
1713694
1760056
19073186
19123585
19123605
1713370
1713700
1759879
19073183
19073187
381575
4301668
4297284
1748975
1748981
42902177
42902216
19128056
19128186
19128244
42709138
195480
19126426
40163990
1315865
44806793
43013637
1797513
1797516
19075379
19075380
19075391
1797515
1797576
19075378
1797594
19075377
974199
974200
974201
78162
441225
2722677
4079683
40231374
42707649
43532949
40231370
42800967
40224789
40224812
40224835
40225695
40224831
40225691
40225697
4201390
4162987
1312009
42799049
43526430
19011440
40175813
3030703
40175817
40175821
132932
36712702
36712703
40480278
45757175
45757176
195197
40165997
40166002
4160859
133141
1331312
1331270
19076623
45892579
4218083
4224176
4131768
134734
138526
4069184
1136422
40490390
196364
1525215
1525220
1525221
19079293
4112020
4095892
81106
439261
443237
440068
2008026
4017107
1124300
36217238
43012292
196048
257010
43014087
43014091
74322
4208264
35624485
436702
201164
434656
196160
40479844
434289
193250
74396
1394023
35604506
40167554
194407
4043672
4044351
1192710
31884
4229262
4003178
4032003
4122116
437557
4214438
45763760
19088587
438782
1192218
1192219
1192221
40221887
1309161
4053585
375815
436695
753626
4243593
1524674
19126450
4155764
440979
19056880
1316262
1316268
19079498
19121182
1316269
4040379
197921
40230712
438477
192952
433696
194394
439082
4229440
1353766
1553610
1553611
1553682
1553652
4324395
956653
19132594
19128008
19132882
19127977
19127979
19128227
19128259
19077930
766529
19077928
19077929
19080061
40165561
19080040
45765628
441269
441628
19125041
19125045
19125049
1580747
1771215
1771162
314457
701322
1703093
19102495
4027663
1391848
1391846
1391847
319793
45757263
200761
2785864
378434
1167323
19018787
1167322
4025663
4044391
4234742
1747396
4264925
4274969
990028
990031
19122388
4207660
19063575
739323
45757538
19135832
19078187
4298740
4102342
1350552
1350489
1350521
1350490
19103431
2786470
4055481
4055650
192735
1754994
1754995
19019004
1754996
19019003
19077401
40234727
40234705
704599
704600
704601
1704183
1704187
1704186
1704217
1563674
136773
45766654
4002140
433516
4237813
434859
4135822
4078705
1363053
1363060
1363057
19124265
1363058
1363059
1363091
380725
439807
1351541
1351622
1351626
1351627
1351624
19021438
40240346
40240348
42708523
42708518
381865
4102401
432848
26060
433730
439407
194871
201211
19101614
197981
194755
443629
4049477
40239060
377272
1526476
1526475
4126297
36227374
141248
437241
198104
4103387
40166165
40166168
3022914
1378509
1708903
19035325
1708880
40163932
1708904
19035327
376405
4110933
19127968
4061050
4081648
4149084
1437379
46270166
40479594
137519
138387
4308715
4057038
435786
4148121
4132494
40167224
73153
77812
436923
43560385
43560387
433257
46273431
44782751
44782744
44782421
44782743
44782747
44782752
1301267
19026972
19122475
19124417
444459
42709322
19018750
929435
929519
19018781
40226406
40226387
4170452
4340960
432282
4238559
443773
974226
40482198
4032474
43530645
444074
437449
4279142
4140071
436397
974474
19112606
974473
4264891
132703
440080
444084
36213925
917207
917310
939359
19096595
40173447
43012434
939259
939300
19027325
19098138
40173399
76199
78507
379814
437726
4117253
4138149
4194891
4048449
4217461
77356
77637
78510
4115844
4117255
4134173
4135082
4136562
4194893
4199185
75047
77962
80186
374363
435098
440549
4083371
4115836
4117553
4134171
4135080
4138150
4178934
4213373
4221189
4215445
19074182
19074181
441558
45763766
45763781
316822
1711248
1711246
1711250
440674
4035438
4035751
46272380
46270453
46270455
46270457
46270458
46272381
2786686
4150172
196156
2748804
2753399
2747305
43016471
2747297
2747301
2747304
2753398
1778162
1778225
19075002
19075001
42873600
42873604
42901669
4205002
40223154
1398937
40223152
40223156
2759654
2760353
19124931
36225086
1554072
1554073
4092992
1114375
911354
441555
198101
4031128
4033319
200451
4263510
40486171
715236
715233
715235
134404
19072994
985247
313791
314059
316998
313006
375822
435642
200618
436003
3016201
19076145
40241504
4115027
4109067
4039691
73649
76565
77734
78619
80573
140273
195401
195977
321710
381444
4096646
4096766
4103289
4263766
4275292
4295727
36712784
36712794
36712795
73090
75689
81175
81186
81723
436278
4094981
4094990
4095568
4246724
4299398
4310238
4331284
36712785
73923
74816
78605
434203
4058370
4094834
4096643
4174369
4192643
42536696
199067
4061217
4313149
1301065
40176348
4141640
951536
951537
36214603
19008723
710062
432893
4034007
72377
1539403
1539411
1539462
19023563
1539407
1539463
4100247
78232
4057381
19122148
715259
715300
715294
441077
434004
25486
26361
26638
79749
135489
135491
137809
138074
140950
192836
193422
196360
198091
198988
199754
200054
200962
201518
261514
261808
373151
374874
380055
432837
432843
433149
434292
434577
435478
435752
437224
437498
437501
438360
438368
438693
438694
439392
439404
439738
440649
440956
441513
441515
442122
442131
4247238
36684820
42709931
24296
31509
76914
76924
78093
80340
134295
136915
192847
193719
194589
195482
195483
196047
196049
197799
200051
201238
256633
259755
375490
378696
379756
432262
432845
434293
435484
435485
435755
436352
436358
436913
437220
437798
437805
438977
438982
440344
4156114
4246802
4246808
4247336
4247348
4311480
4312685
26052
74582
79758
133147
133969
134290
134579
135750
136917
139750
192255
193138
196044
197500
197507
197806
201519
201801
254282
257503
316644
376647
377811
432263
433143
433704
434587
434880
435493
435751
436042
436353
436640
436922
440335
441805
441806
4002340
4155171
4162253
4162860
4188545
4247719
4247836
4312698
36684817
45770892
19096215
19101814
4192851
4239487
19080217
948078
948079
19129540
434010
440085
4216432
1557272
19012346
197039
381677
72421
434111
195771
436926
991876
1386957
36715779
991382
4251304
2733894
2735570
2735569
197311
40225159
19121216
19012543
440047
1340161
19074671
19074672
1340128
19074673
715997
200773
433996
437027
201338
1751310
40175427
378421
438343
24974
4096938
434942
40165261
40165253
40165257
40165245
19023453
19023454
19124246
974620
19124247
434570
908982
908951
40222444
40222446
40230585
998014
19075428
997892
997893
997899
19075531
997881
997898
997961
997973
19075427
36216363
40168476
3015322
1368671
19078928
721760
19019412
19079114
721724
19019413
19019414
78609
4118277
4002351
19102492
19102493
19102491
440751
199771
1704139
759859
760152
765476
4028238
4030977
4095399
4100662
4228503
4245143
4290877
4320944
435613
759853
759860
762387
765316
4065997
4148456
4186208
4263898
136496
759852
762376
4009176
4023773
4208980
4246395
4334404
1734104
19028283
19126615
40164101
1734108
19073776
19128018
19133860
2003607
196455
1551803
1551838
1551839
1551924
19023487
19077244
19077245
1551987
19112640
19128031
442104
442111
4175583
438107
19125745
19079717
4246141
438242
761255
19075343
36219572
950137
19062574
19075341
1389888
19074212
19106560
19115123
2000015
4092380
132643
133573
134141
135350
136205
137964
140191
141663
141666
4284844
36714236
46270395
133003
133853
134137
134738
138847
141944
4001298
4001819
4344376
46270393
46270433
133296
137648
141662
443631
4001282
4122186
2786228
2786234
2786431
2786438
2788717
2788723
42897998
42898000
42898001
2786222
2786226
2786227
2788707
2788725
2788734
2834837
2786231
2786441
4309257
902523
19074093
19124302
40164152
40229410
319835
40177829
134870
4033341
4147494
443919
376387
1115126
1115129
1115171
19135569
40240187
76801
4233830
752095
752092
752209
752061
752205
252544
40223051
4100626
993653
19020488
19065085
993690
703547
200671
2727536
376425
4059379
906891
19005929
906933
906780
4115179
4115182
4118909
4122189
4115180
4115181
374023
836208
196359
42708645
40227060
40227085
40226963
40226992
40226995
40226998
40227087
40227101
4087800
750982
4212727
140064
4252581
133420
4103534
4097996
192901
4001329
4003833
4147411
45765770
4002357
43011897
43011903
43012446
43011841
43011850
43011962
195321
28462
4068617
44782741
44782755
46269851
4326601
4102049
4162559
433762
434033
437850
974677
19078080
19078101
4242974
4069943
194996
195589
45757766
201617
4194232
43531630
1775741
19003128
4149904
4149353
438409
137351
4193638
198807
19069629
377263
4200649
440642
137800
4002344
4002349
4003177
4319280
37118664
45892833
19072269
1139042
19114480
19123151
711644
19078781
711584
711588
711589
19101553
19102504
19132401
4215982
2000370
19134551
1328165
4201172
193874
19135597
1517147
19133766
1517070
19135602
318776
1341268
1341302
1341270
4201438
255059
4157456
4179911
40479565
923955
923956
372567
381573
135778
1784444
36227070
19078751
40230597
4317258
134618
4145158
19027886
938118
19057397
19126585
36224328
253717
372914
4311499
432844
435487
4261842
40165762
1334460
1334494
1334535
40165767
40165789
1334456
1334459
1334492
40165773
19102170
4213266
40169200
40169230
40169234
40171016
40171045
40169216
40169268
40169273
40169204
40169283
40171047
40479589
4253626
440634
201813
43560392
733301
373483
1113073
1113076
1113041
1113074
4269569
40163371
40163383
1333379
19008724
36224979
197782
1741309
1741402
1741408
36227435
40180873
40180878
197328
700326
1715315
1715319
19019856
4126291
19127894
19127893
19128023
19128054
19129402
43012432
1518199
19128052
19019419
19079160
19079172
40223995
1000560
19005965
19070869
19079171
40223992
1729323
4301373
4313828
440732
434944
4226991
373206
4159144
2003045
1338005
40242503
19026459
40242497
19026493
730548
730551
730572
4299544
376104
377546
44782681
4233724
1305450
4119850
4069654
376229
744740
4048796
1315946
19022830
40481585
432296
436088
374922
377853
377545
4138760
4146581
4102479
798914
798917
920458
920949
920950
19057735
36212159
19018819
42708258
19018817
19018820
19018841
19135444
19135450
4081065
432863
4006163
75911
79916
19067300
201078
40162867
40162878
78771
81303
4058513
434588
43531046
1332418
19073093
1332419
19073094
4065364
194807
433987
4105025
201257
4202045
40168599
433709
40162307
40163826
40163829
1331247
19079220
1356461
378756
1037005
1037007
1037008
1037006
23137
259988
4312756
4031170
4127408
19015523
19008264
4038845
321661
437881
4167918
45757462
40243206
40243205
4067173
1724700
438223
4061839
377270
4347302
4120094
4202842
40481410
377868
1709170
134735
132718
46271951
132414
134454
137077
4347296
373489
4025660
4253808
920293
920332
40166037
920300
40166041
4090114
4134605
435269
40226742
40162274
40162282
711714
40162278
1524675
372243
434337
24884
435792
436079
4347287
438366
196157
4060950
141456
1000772
19133065
140027
4266864
433000
40650479
19129446
440740
4108901
36674773
433869
44782819
260336
40222612
1763204
19019811
1749301
40222616
19019700
4208199
46273649
4112026
443454
46270031
4173420
923829
374377
19078956
19003999
19021102
40481943
1715117
198198
45763826
40233220
40234038
40235896
40233955
40233977
40234019
40234030
40234084
40228087
40233964
40233993
40233999
320347
140099
372318
374360
140046
710650
19090988
40165468
19029026
19067230
19090986
19090990
441963
4094548
4308093
2786062
2786063
2726026
2786060
2725826
2726272
40165574
4003171
321263
443738
380995
199863
1354698
1354699
4090207
376395
1314318
1314319
1314321
1367500
19084670
43525679
43012036
4338035
4240725
4111416
19121339
372326
374957
987245
987250
42709103
42709105
78987
4301666
198192
2773570
2765846
2773606
40222644
40222660
777221
40222685
4304010
315293
40234384
4100815
74737
903963
904435
904437
36223173
904325
440699
42708733
924566
19021432
735951
4091336
4157457
133150
40175390
1551860
40175394
40175400
40175404
138825
1114122
19044337
3001599
436037
4216894
46274123
4038038
40164855
40177118
19006047
40164863
19133853
40164859
19113439
1548111
19107391
19107392
1724869
40238008
40238021
19010963
40163928
40165972
40164946
40163921
40163924
40164897
40164929
992956
19065567
19080155
19049105
19049335
19049375
19049422
19102507
40170135
19049106
377862
40241331
40244444
200319
4093145
40241333
40244448
4213465
4335884
80576
1592146
19019115
19019116
19019117
1592085
40182302
19102197
4111412
4195677
2723508
2723994
2722689
2723513
2723520
2724004
372324
4067539
40163897
379805
961168
19126405
961047
961082
961050
961051
19019696
40184187
40184184
40184217
941477
2733660
2735331
2789158
4269878
141370
4258683
4095565
4094984
968635
19061326
19078859
43014144
968464
968639
19133083
968426
968667
442296
135764
141524
194593
4040380
134879
135204
138377
36685161
36685232
43013024
43013030
43013026
3029815
800881
800892
19075608
3012984
800878
800921
781152
781130
904356
704989
704984
704990
1346823
1346990
40163948
40163952
19022750
40163954
19022749
19022781
40163950
44506613
44506611
44506612
4137236
318766
444044
1742432
902059
902199
902435
36224990
36227095
19022859
19078855
40168575
435784
434625
1756831
42902282
19125237
1756839
2004090
313062
37116489
4108968
197603
4148140
73021
4167532
4116008
42898023
439093
4046903
45775372
19028081
967861
42901722
2740050
43016387
793846
435537
1189459
43014237
1350040
134743
4107054
196569
4238732
433410
77030
4134940
317713
438024
2788110
37116608
19067803
4182585
4115367
372900
440987
4120275
438456
373449
4109548
4127727
4277253
4220292
1786617
1760041
1760039
40163510
40163524
40163534
40163546
40163554
40163566
40163518
40163540
40163560
378144
1511646
43011932
1307542
43011929
43011934
929887
929924
19039926
40168300
42708623
929889
19098167
19039961
19133802
137682
4094260
1555142
1555120
40241186
40241188
313221
320429
4147787
133285
4033861
201244
439011
81623
1390051
381252
133283
45757678
751247
751250
751251
751249
751362
19019111
44786774
4175167
2753964
40483374
28403
40483771
4100661
4240847
195313
381308
4242875
4000968
4180849
1308251
19080129
1308216
1308221
1308250
19029027
19080128
438531
81378
4169252
19074271
19074250
19074273
937791
19105672
320206
4339476
4178431
19114219
756018
976547
976546
40172810
976545
377886
4340397
381592
1310001
1309992
1310037
432559
435190
441233
4246137
438089
433975
81239
441802
136639
132258
433976
438086
4234127
40166310
40166330
40166362
40166320
40166295
40185005
4328804
24148
716968
40481852
19072293
1710312
74052
945286
1373928
40165636
19058410
40242675
2000377
201345
439834
23806
76508
43013660
43013664
4046093
374043
3049187
1558471
19022177
19132870
3053283
19132866
200881
436701
4174893
4174892
4131963
4199600
4260520
193983
379782
4163266
36717576
19019528
19019529
19019581
733008
19019530
40241488
915175
19073871
36215614
43013021
4116166
4275433
4006294
40483220
434344
141213
433415
436031
4232337
1150345
1150347
1150351
40230761
312349
4121646
4103650
1742254
19080152
40169138
1742253
1742255
4001322
4002346
40168187
1303425
36717277
434742
42894601
4124868
2002867
2725227
2725289
42894700
443419
1360436
1395619
40227546
40171658
40171665
40171668
42708056
902971
19129669
19130453
4023960
252949
439739
440345
192357
40232188
42707566
4186572
1344965
1344967
40166121
40166125
1344966
40166123
40166127
4063159
4274575
46271795
1101898
3040349
37018934
40482859
46271402
46271647
19028901
19028902
4216771
4295624
4300557
4298026
434348
438751
441283
4226022
717136
36224973
1794280
19006902
4089362
43533115
40420291
436642
1593861
4312704
19050488
4050977
1236744
19012598
4140154
4102935
379801
1712891
381504
36225254
2003446
905080
2003447
4133990
984236
984237
984232
984235
19102526
135349
40179635
40179703
40179642
40179675
40179680
433985
443878
372610
3005229
4057835
1309799
1309800
1309801
40238668
40224108
40229445
705103
19133855
705108
705109
705110
705157
40171406
40171408
40237517
40241527
3023261
705160
4316372
45774861
4110194
1717002
19102177
42901964
42904205
440119
785842
40243589
1350310
1350332
4235753
1350311
4335159
373101
4054857
193079
4054878
193641
192363
201397
4132549
40167569
908726
1782573
1782521
1782543
40237535
40242070
40227525
40221822
42800300
376125
40166141
766209
2617204
759740
40173459
40174725
40174739
40174735
751412
778478
778504
778474
778479
778505
4042934
200146
40163845
735882
1126557
40163849
735850
735851
2760365
40184845
1703653
19096455
3019885
19133794
438760
4219643
443252
957394
19072967
443610
193252
798834
435492
258441
1322199
40238770
19067303
1781406
4262578
1361711
1361859
1362392
19079057
1362360
19019335
19019336
40163938
19019337
19126352
40241038
4216397
4042407
2727441
40163630
19036797
40170911
441906
40168385
19019302
19018419
735340
957136
19019042
40171428
956874
956877
19077546
40164516
40164521
40164523
40164525
40164505
40164514
40164529
40164501
40182093
135767
4146936
19135276
19077577
1304048
1502905
1304044
1558242
1151422
1151423
375268
1348265
19130019
40176916
40173472
40177238
40177240
40171397
40173073
40173098
40173118
40173131
40173151
40176912
1505346
40174291
40174309
40174318
4288480
1333357
138102
444445
37208308
37208309
4242514
4242957
4052225
1508439
19078927
19049410
964339
964369
964362
4145887
2767302
2767304
2767815
2767819
2771588
2771589
2767300
2767817
2767824
2771587
2771591
2771596
2767299
2767301
2767308
2767309
2767816
4057513
438407
4225434
45757223
923115
19079151
923081
19019416
36227395
902251
19011640
19058240
19078402
19078404
19125975
40490888
43020489
2763542
4168686
40479573
4031189
4113927
437149
19128025
780444
780442
991855
19122412
734354
734360
19112670
19112671
40172649
734392
734394
734396
734356
734400
436164
1153428
77653
374956
4134172
4176166
43531861
40169238
4117393
797399
19077548
19077549
797415
797439
19077547
797438
797440
19077550
19077571
970250
970282
970283
4187913
19079658
437524
436975
4086572
378145
380093
381278
4177975
904547
904549
19019044
992591
992612
19022486
19078106
19078140
974166
19075153
19078166
19106768
1317675
19028935
19028936
1317640
19133844
19134047
40242509
1103353
40242507
1103351
19134116
440370
437969
438390
19080156
3003771
4342896
19047423
4053593
4129400
4242733
19011487
916774
4115546
194491
1351461
43525648
757688
757690
757691
757712
757755
19096776
19102213
19122479
36220578
40243835
40243870
40243887
40243859
40243864
40243866
40243872
4106357
4106360
4292056
4106681
4286201
374466
4037874
437316
42873430
19137329
40231765
40231761
798874
798876
798913
798877
798875
377287
259865
1750461
19132775
19012929
19019691
19103548
35201105
4177362
4232162
937439
19124327
40168664
40168654
40168659
40168669
40227569
1769390
1769389
40237541
260034
4087776
4298028
319016
438748
377848
4062098
381017
40240666
4200286
45757136
4311159
133857
192422
261116
381583
4286676
42709840
45757650
76791
380818
4006964
45757649
79917
4279461
703470
19077497
1344403
4005764
703544
19077498
1344381
435790
438150
40165657
40165651
40172381
40481358
79742
72487
73366
75406
79962
433076
80592
139200
196856
4155495
74533
74809
4144835
4155497
1150871
1150924
1150926
433531
434084
438208
436140
19079155
785815
19079153
19079154
785788
785821
19022782
19079152
40239330
378420
432289
40304526
40244268
201900
134604
4081720
40244131
1516800
441103
2744002
2743996
1381564
1381624
19072938
1381504
1381566
1787101
1787125
1787123
194586
1186053
1185928
435182
19022457
19028938
43560429
742267
19028939
43560435
3025481
742268
742303
742304
43560433
380265
19059654
1115572
36212005
40173440
42708867
40173403
45892326
40167218
40167202
40167213
977968
4057044
4057178
4062387
4062388
4056717
4057177
4059253
4059257
703248
703244
40176686
438699
40166538
40163576
36713113
40166540
40163572
40162438
40163342
40163350
40162431
40162436
40163312
40163361
40162434
40163333
40163340
4162450
40482807
4046213
43020664
19081224
42900586
4217892
142033
19102500
1703069
74635
137858
40480077
4245840
4192127
40221889
40221893
40222862
40221891
40222834
40221895
2002622
44783943
4129834
199891
4239381
45757113
4062557
4062558
42873673
40166824
40166826
40166828
40166830
742186
742188
742190
19123231
19123233
742185
742187
742189
4039932
4121629
1714527
1318137
1510687
138384
4134177
40481303
2007728
132983
436147
43021205
19064204
19008009
132342
2765060
40163894
1738135
1738165
735979
736015
736055
736021
736054
19102163
19102187
736020
736053
19079462
19102162
36215679
19074932
19074933
40184730
1749008
40184727
40169689
19074934
40184712
40169683
40169695
4067311
4068628
29056
1319133
260026
4078717
19019334
4003529
40231804
40231810
40231816
40232700
40232717
40232730
40232735
40232745
40231814
40232707
40232754
40231806
40231812
40231818
40232756
1559684
1559685
19077682
19077659
197656
1517740
439303
19098973
40223766
40223768
40223778
905233
905294
19012749
19129676
905236
905241
905266
36219416
40162672
40162717
40162737
40162683
40162695
40162729
194121
132397
2006532
4242814
134732
4302686
19096677
1308851
1308874
19096678
1308842
2778677
996416
19077375
2778678
2784124
19023231
4178668
19137385
375823
4185410
40479284
135287
45769152
4054513
19020512
19077573
40225082
4237155
757627
436446
1312743
19096740
19096752
1597756
1597761
4110914
1597772
438080
438692
36716501
1597773
436344
45763578
40236899
40480875
378533
320835
4152170
437623
441582
201511
985708
19026476
733523
733530
985782
19008700
19058104
42898243
985711
36225356
733531
733562
19127019
19127021
40171499
40171508
40171516
40171852
40171917
40171501
40171510
40171514
40171884
40171419
40171497
40171504
40171863
40171905
42800452
40223184
40223181
1521987
373216
43559996
936748
19102466
35605594
381036
766814
766819
766923
40169352
766820
766925
40160985
766821
766842
766850
766927
766929
376063
381033
80819
19074137
1796438
19103288
40229699
1796435
19074876
4156959
433207
43532894
4149044
4052209
4052218
40163650
709567
19115035
19027362
40488783
373425
141056
434316
3020222
43532497
4186463
19036781
381003
4311124
36713172
40221856
40221859
40221874
40222060
40163460
40163464
40163473
40234846
40221864
40222092
42707259
40171493
40234838
40221871
40163468
40234842
438422
4272313
40233219
781039
781062
781127
19072933
19072934
781063
781126
19107912
19107913
1396256
19023069
19077308
19077343
19077344
19130840
40168511
40238115
19027839
19077342
19127659
1396131
19126145
1102527
722156
19115249
722157
19021312
1529331
1189698
1189699
1529352
19023063
441272
381024
436133
738156
40173384
40173388
1314577
1314614
19133212
1314581
19101573
197916
1335471
40169944
40170013
40223140
136057
4243587
40228228
40228203
40228210
40228230
40228212
40228214
137991
19003412
4001450
434085
4224926
35604848
321389
836878
4082453
434951
40163891
40163867
19056978
19074522
19074556
19074558
19121184
19035977
19036337
19074586
19035704
19036004
19074523
4142066
40167431
40167443
40167447
40167439
40167435
19022947
1347384
19022948
19022949
2734104
2734110
4222138
45763823
192433
4028980
441025
4144112
963356
963353
963355
40224944
40166801
1137529
435633
4145016
4223997
438527
433565
435903
19129175
19103595
19124346
1336926
40241169
40241178
1336975
19102192
19102546
40241170
377884
372888
444079
438759
440703
40480516
433440
4113009
4161947
40163500
40163504
40244260
744794
40163496
40244256
40163492
939871
195306
1781733
19073732
40231516
40231529
4155529
4275113
1753745
1753747
379822
4107672
4325420
19018978
19057122
138181
40222663
40221833
40222636
40222653
40222688
76467
4139587
929639
929638
19022171
40161410
40223553
1521369
19127921
40224822
139737
140823
194419
1366310
40222431
1511449
4003834
45775116
77961
1335301
792993
40182265
1583722
40242044
40235212
40235220
43013597
1399177
1703607
1703606
1703603
1703608
4242348
1110727
40162453
40239987
4267274
40166704
1717963
40223676
40163799
432890
4030035
436948
37109301
42874220
40239985
1370109
40167020
908944
922570
922806
19079133
36227379
40168812
922809
19079119
138717
140976
922802
19071337
1595799
1595814
439838
260730
375290
4146460
1189767
1796458
1796475
40166797
40164098
40166799
19074872
19129411
4162218
4053272
720810
40162835
4003980
40162829
4319604
4289756
439412
989485
432396
75910
4044402
19019666
989482
1777417
19019699
19019665
997276
19018873
19018874
19018876
19018875
72926
42800992
1311277
19096774
1354860
794147
40169054
40182175
42800984
42800988
1311278
40223045
40169046
40169050
44507816
77355
194100
75628
4324788
77955
439103
4181454
193827
4061852
45772074
40163970
77644
40238932
40174486
40163966
40163968
40174577
762206
762207
40238930
40236446
40235266
40235271
40235274
40235281
40235288
40236419
40236430
40235257
40235260
40235269
40235276
40235279
40235286
40236479
40236481
40224352
40224399
40224433
40224320
4112023
40163615
40163617
40599994
436936
438815
40168220
432660
2006901
439130
4252861
316457
441547
4208200
745790
994341
201478
432307
19055153
902429
902452
902489
40164138
19079776
36212886
4244540
918906
19102455
436188
442753
4104821
4106878
198822
442325
4071026
917339
4339544
782211
4138283
77067
4169985
19082346
1383849
19069136
1383925
19080095
1383850
1383851
1383869
1383930
19033627
19082350
19100691
1589573
43012750
1589505
19129472
19131647
713830
713831
713823
713854
19080241
19115237
19130463
713852
713853
19133570
19133578
19133587
19133593
19133614
19133566
19133582
19133585
19133621
1328689
19133558
19133574
19133591
19133602
19133622
4116759
4117228
19075060
19035953
19035954
1730370
954819
40165122
19043959
40175987
40173876
40165269
40165271
40173872
40173888
372322
45763779
36216773
200060
444449
444450
444453
194607
201256
442105
19133788
1786621
1786652
19075032
19075033
1786745
19075034
19075010
40231144
40229058
40231142
40232649
923672
194385
434323
4004094
76533
1321636
4160055
43526401
440321
4280498
28115
42708092
4053178
4174577
912803
19133331
1036228
1036232
1036233
376208
4093228
1735947
40163817
1758538
4090616
1735948
1758536
40234301
43018388
2786472
2786478
2900303
4030750
4003175
134453
4344258
762212
762213
4297894
4003179
133294
4009619
4117689
4216972
46273162
4309525
4000963
4001454
1129625
42901844
42901850
4197184
4032799
437787
4105930
4030846
4160460
917552
917808
36217618
917839
19095097
40236147
40240688
42708391
42708415
40238221
42708660
42708743
941258
40244338
1504621
374623
1504620
1504672
36712678
36713918
36713926
36714686
36717115
36717682
4068847
4213540
372325
45763791
45771093
1163945
1165632
19077793
19099572
1163944
19077763
40163744
40164762
40231822
40232217
40232259
40237822
40231820
433225
440195
4297446
1335539
40224655
2000014
198108
43013182
440696
1594003
4028939
4308074
19022479
435570
45776670
4160328
4227902
40163942
40166615
19008783
19104142
36219683
19079244
19075603
1000632
19022063
36212650
19075602
19075604
19075605
918543
981807
19008693
19074132
19074138
36218168
919010
19011735
19074136
19132711
918634
19008694
19008695
19132067
1351583
1351587
40174765
40174772
40174825
1351558
1351559
40174811
45763825
778299
778357
40163063
778296
40163070
4145256
1036908
40164052
79939
372929
911735
1738368
436166
40163285
1036884
1738367
40164054
714684
19074845
19074847
4314705
4001578
45771094
19077435
19077437
19017742
19017744
4047124
1337068
1337103
374650
376699
40240035
40240039
441277
2000396
19077438
19017747
1337070
40166650
40165805
40165809
375794
4146660
2735325
2733654
40223815
19132847
43015894
40223821
19132851
40185276
40185304
2742003
2742007
40223834
19087394
19132855
19132859
40222473
40185280
43016562
4079687
1755112
42800765
80767
259123
435803
437863
4228164
1516980
378163
381574
4319602
725131
725178
725180
19112586
40166448
375272
19070747
40166133
725179
19070748
40166131
40166135
40166429
45773208
19050832
36227053
19021852
1196520
946514
1196519
955291
19002365
36224785
19002364
19077408
19077410
4204991
437245
720727
720730
720731
374357
439026
40173979
441946
762216
45770904
932745
932749
932750
40173971
762217
40173997
4317278
134461
932748
1195498
19021712
1195496
1195497
1195492
1314002
1314009
1314006
19018811
19074470
36222071
1314008
1395060
908948
40168448
434932
45772123
40168443
40168450
40165165
40165173
40165177
4132119
4317982
40165161
40165181
376423
45773201
40165169
40171483
40171491
40232439
40232444
40227543
40232448
40232454
40232435
40234404
40180039
40180041
40180068
40180088
40180090
40180031
40180065
40180076
4112852
4213271
4338534
76745
441015
441655
933724
19133365
4150456
4246066
441108
37116538
2762953
75010
433585
434319
700465
1305637
3018759
81395
81763
4108817
4198185
4224968
43530686
19127429
4338523
40493243
4305500
45757269
4056718
40406662
930748
4032787
4046100
741575
2754138
43017495
903222
4043388
375821
42709286
42709288
198195
4129371
4154164
741572
19126502
19136034
258482
45763790
40166055
19123237
42900511
320888
4101639
751347
19127952
4284492
42900505
4068232
4069540
19019693
952004
715710
715734
42900507
40238415
40238419
437269
4097890
442113
45773204
40238429
917338
36213927
2004952
45763764
432312
435543
436108
917337
4145886
40164962
40164972
718127
718128
1301001
40164968
40165015
1300978
718122
718126
718129
40163869
40163871
40164995
40233836
957797
958211
19059625
19133040
42799903
200171
442584
444287
19080257
444418
4201700
4296450
19080230
19080253
19080255
4061712
40171661
40171675
441535
40171671
40171682
19102483
967012
19133187
966991
967016
967309
967435
40228076
735533
19131610
967434
40173346
40176158
40224881
40224891
40224909
40224885
40224903
40224875
40224897
40224915
79113
435624
4054058
4129395
444188
4053588
4053589
4238518
37118662
4043679
4044358
4053590
4195780
37116513
40486428
